Paper_beta_pic_photometry/Data/bring/binned_flux_bring_remko.dat
# %ECSV 1.0
# ---
# datatype:
# - {name: time, datatype: float64}
# - {name: flux, datatype: float64}
# - {name: ferr, datatype: float64}
# schema: astropy-2.0
time flux ferr
[from data line 2622]
58358.68716190883 0.0061004835852105045 0.005377088448808557
58358.73716190883 0.0025972684913882793 0.0031896907022804333
58358.78716190883 0.0004906176317133317 0.0016671765403732937
58358.93716190884 -0.023908890630578803 0.009412349846088436
58358.987161908844 -0.005946748642566534 0.006177624460963338
58359.03716190885 -0.0012892778410022155 0.006387073925836322
58359.08716190885 -0.020575085177554638 0.005994054782265792
58359.13716190885 -0.02251340543512147 0.006833854298600437
58359.337161908865 -0.005028727062993621 0.004436693658094137
58359.38716190887 -0.004501977522922221 0.008812384886956745
58359.58716190888 0.0003409173706480084 0.00377999271607045
58359.63716190888 0.009154015476776713 0.0036348055195490076
58359.687161908885 0.006632838160832249 0.005004519713921745
58359.73716190889 0.0036111791835993145 0.00388997316689601
58359.78716190889 -5.850898459723586e-05 0.003289723856237173
58359.9371619089 -0.025271680770035887 0.005630392874384633
58359.9871619089 -0.005982836396837935 0.009640222790114335
58360.037161908906 0.004955371103628878 0.009961249923777971
58360.08716190891 -0.018946351905914784 0.00985884219154069
58360.33716190892 -0.0037770930371455245 0.0036628438120153697
58360.387161908926 -0.002166659254617918 0.0073017105382144915
58361.037161908964 -0.006102607294729866 0.004199313474043802
58361.08716190897 -0.023133219516663823 0.0074027911566112705
58361.13716190897 -0.019043500075630982 0.00849445791883782
58361.937161909016 -0.029744504566313716 0.0075048588056711016
58361.98716190902 -0.015184528004572893 0.00754111638745401
58362.03716190902 -0.014295630874306717 0.006903617452832222
58362.087161909025 -0.03141260327556677 0.006363950418131597
58362.33716190904 -0.012287916880084016 0.004121667311152085
58362.68716190906 0.0008355289694668144 0.007331995419967831
58362.73716190906 -0.0005375393423996485 0.005491587345607986
58362.787161909066 -0.015036919288895473 0.005328213393538914
58363.58716190911 0.0019669393048901388 0.006940056867555047
58363.637161909115 -0.009647098844753418 0.005313071429218297
58363.68716190912 0.0010109574043333553 0.003186166852359088
58363.73716190912 -0.007262755806870302 0.005720044899930562
58364.08716190914 -0.02861786033094088 0.004178841343885798
58364.88716190919 -0.030424654038286342 0.004135023180718869
58364.93716190919 -0.01661289224658766 0.006731159652112067
58364.987161909194 -0.012571283350993513 0.005388118118068868
58365.0371619092 -0.020243409065590728 0.00770562581557648
58365.0871619092 -0.033249732109462554 0.005006107785871237
58365.73716190924 -0.02065549656152328 0.00890698743094653
58365.78716190924 -0.028140107437517353 0.0037289245229049257
58365.98716190925 -0.022634615501769356 0.0025498842496130157
58366.28716190927 0.00859864450389018 0.00488077003073208
58366.33716190927 7.815574493518138e-05 0.0031067235844023143
58366.387161909275 -0.00534801793918791 0.00841397874329034
58367.28716190933 0.00539434496300705 0.004259395962614768
58367.33716190933 -0.0010088038614156595 0.003767225690617645
58367.38716190933 -0.008736820491108665 0.008137771025485406
58368.287161909386 0.00492667367396795 0.005257839759692217
58368.33716190939 -0.002301498720919081 0.003915420672304421
58368.38716190939 -0.009454184539565126 0.008760915884778132
58368.73716190941 -0.0016454363976895986 0.004273066151416435
58368.787161909415 -0.011464716582922677 0.0038951657231821027
58369.287161909444 0.007999504226299454 0.005247155548403387
58369.33716190945 -0.0006945824397945412 0.0034405279698497744
58369.38716190945 -0.008437358177586557 0.0075303977169041865
58369.58716190946 -0.0024654256983742523 0.004455517965779097
58369.637161909464 -0.002569094520520394 0.004887770094284766
58369.68716190947 -0.002467510075421429 0.00380768900586324
58369.73716190947 -0.0075065094521373004 0.0047839117942935225
58369.78716190947 -0.01409044081088806 0.003797770638066296
58370.2871619095 0.0012102921611678644 0.005068137588794266
58370.337161909505 -0.0015706220817419006 0.0033340531020895924
58370.38716190951 -0.012138328355829241 0.00749230828248189
58370.58716190952 -0.02706704050623227 0.006719464837540224
58370.63716190952 -0.022049672742740802 0.005381458527047605
58370.687161909525 -0.01466335925116297 0.0026863748946474053
58370.73716190953 -0.015410721906911331 0.0039602071235346524
58370.78716190953 -0.015431906949374463 0.0030553513164967273
58371.28716190956 -0.0012659260914779384 0.004607315813960484
58371.33716190956 -0.007251713298249283 0.003547342200083198
58371.387161909566 -0.014849578250403103 0.007691925199083254
58371.63716190958 -0.04669576121378 0.007891940795613242
58371.687161909584 -0.03594972037922046 0.005460011253593338
58371.73716190959 -0.03379159879991622 0.003936847777547348
58371.78716190959 -0.033555002674978775 0.0017327271654656153
58372.28716190962 -0.0032449980449069334 0.002989023690849822
58372.33716190962 -0.005668795229366701 0.002600032989257716
58372.387161909624 -0.014152858208932102 0.006906157774395099
58372.63716190964 -0.015940618543739446 0.009518959753655196
58372.68716190964 -0.009279756043781371 0.003888874548102208
58372.737161909645 -0.007737782053332283 0.004898715404699257
58373.6371619097 0.010243336904422517 0.009041007307541428
58373.6871619097 0.0010957390197778305 0.004739574996015418
58373.7371619097 -0.001963113873441109 0.003658449255309714
58373.787161909706 -0.0028138734595485326 0.0032894864115116476
58374.53716190975 -0.008164521237356198 0.006653308289106125
58374.58716190975 0.007784263099349722 0.004755624629418609
58374.637161909755 0.01671060814343282 0.008732383996596113
58374.68716190976 0.002046293953557778 0.006557858454635893
58374.73716190976 0.00013970479534772658 0.0049194762999924995
58374.787161909764 0.005767081188132872 0.005245175984076055
58375.28716190979 -0.008128873931672493 0.006158224136890197
58375.337161909796 -0.008478098708763527 0.0035713053151600056
58375.3871619098 -0.0189679509834863 0.008600727343073697
58375.53716190981 -0.0011713027545229768 0.0051334427095166635
58375.58716190981 0.01258486169917407 0.005928553795123411
58375.63716190981 0.016776455498930348 0.007895226645341173
58375.68716190982 0.0013688695689924291 0.006601221091647249
58375.73716190982 0.0032546642756951755 0.005351283338473915
58375.78716190982 0.01181921468817998 0.0024722608445010316
58376.28716190985 -0.009272142609176566 0.00397602219147235
58376.58716190987 -0.003703071200237227 0.006412074238025739
58376.63716190987 0.004744489990531641 0.0069300931907790185
58376.687161909875 0.0014205027775157086 0.006095489697275175
58376.73716190988 -0.00680001060530064 0.0043655664397387935
58376.78716190988 -0.015395448331164463 0.006506994751926482
58377.28716190991 -0.008095363002366305 0.008243522974075363
58377.33716190991 -0.009758387758033837 0.005156565764721059
58377.387161909915 -0.016094050747171178 0.00648295200367765
58377.58716190993 0.0010390143918705878 0.00841989692810447
58377.63716190993 0.0014715814834736654 0.006042066400996366
58377.68716190993 0.0027459404900720724 0.0033166625972779074
58377.737161909936 -0.007673366417005163 0.006325593093672441
58377.78716190994 -0.012179944228312922 0.002539385001845677
58378.28716190997 0.00308117555597757 0.0053711313000959614
58378.53716190998 -0.00710941909534451 0.007375931698805773
58378.587161909985 0.002661663531483005 0.0027843410934603767
58378.63716190999 0.00962334357185671 0.005263119098995498
58378.68716190999 0.005654978246432523 0.0026347147899907736
58378.737161909994 0.0017515377397551712 0.003654813807301249
58378.78716191 -0.0006124244429992487 0.0006102137482062517
58379.23716191002 -0.009842613653213528 0.008431840065786381
58379.287161910026 0.0038711045855931675 0.007871698714553607
58379.33716191003 -0.00022836429167640468 0.007924747316763372
58379.53716191004 -0.0029536189153405537 0.0064631590737856525
58379.58716191004 0.0012701911631802707 0.004061447352376491
58379.63716191005 0.008941103713032734 0.008687875013439721
58379.68716191005 0.006076889536293843 0.005341642034807191
58379.73716191005 0.00760233124556331 0.0049378619231925215
58380.287161910084 0.0010833790255747272 0.009759582833254012
58380.33716191009 -0.004919778376304025 0.009315187807778697
58380.38716191009 -0.01135355764831708 0.008489118121524421
58380.5371619101 -0.00248757366299913 0.005911302857122783
58380.5871619101 -0.0018865102070411064 0.00578206612639892
58380.637161910105 0.0035645975874460858 0.002727413210597526
58380.68716191011 0.0032050282636366272 0.0032237224334111963
58380.73716191011 -0.002468005129923597 0.005003150054747965
58380.78716191011 -0.0026019072126573783 0.0028735564413697274
58381.53716191016 -0.001979707341036319 0.0035976583562062152
58381.58716191016 0.0013513085142052338 0.004486072028520242
58381.63716191016 0.0040187015299812156 0.0063930763983210005
58381.687161910166 0.003690801388668721 0.003991685380933264
58381.73716191017 -0.0001670083851415221 0.003074911190621751
58382.537161910215 -0.0019402978468257448 0.009795276602473845
58382.58716191022 -0.0008037936834660757 0.006025715461120054
58382.63716191022 0.006066197307907671 0.00638760341170159
58382.687161910224 0.004564786077246132 0.003913282157847382
58383.587161910276 0.006785070222576892 0.004866651136998737
58383.63716191028 0.005457139384058007 0.005058595234002974
58383.68716191028 0.0030829313218489313 0.00578867011836923
58383.737161910285 0.0002854787321992727 0.00463619744750004
58384.237161910314 0.02828063903503315 0.007819130897853029
58384.28716191032 0.017789301685949367 0.0029835113189410427
58384.33716191032 0.012789728027175706 0.0025448008074980917
58385.287161910375 0.007898819861159014 0.009852041357512456
58385.38716191038 -0.02141481048427829 0.0017119761185560235
58385.58716191039 -0.03156251580942915 0.00488867061160372
58385.987161910416 -0.010972150863961107 0.005966909717648478
58386.28716191043 0.009695194921876649 0.0023928032335631556
58386.38716191044 -0.0312676186364515 0.0022274509163537014
58386.53716191045 -0.0020656333147520247 0.007238370645310988
58386.58716191045 -0.015097945168616692 0.005861323675726644
58387.537161910506 -0.008157194513069132 0.004542731736613263
58387.58716191051 -0.0014242696572479008 0.005363391808037634
58387.63716191051 0.008214723040339588 0.004930845244860633
58387.687161910515 0.0028002648528141494 0.0029671818013250087
58387.73716191052 -0.0020392509799531835 0.004067746589113019
58387.78716191052 -0.009456434114424983 0.008595675116483143
58388.537161910564 0.0017317289957517938 0.006749697772555261
58388.58716191057 0.006412998336134346 0.006732283164043106
58388.63716191057 0.007080985645375942 0.006159747543425603
58388.68716191057 0.001902049874247239 0.0029686769837957558
58388.737161910576 -0.0016046324042717922 0.006843197838534358
58388.887161910585 -0.018265417991307636 0.008350539778035041
58388.93716191059 -0.005476124126472095 0.005154563263721268
58389.83716191064 -0.024586517444463645 0.007907613999549645
58389.88716191064 -0.02570957629762913 0.006349762678109747
58389.937161910646 -0.019157890909457416 0.004210027842006438
58389.98716191065 -0.02002348263070355 0.006977273146611309
58390.03716191065 -0.026822934278244653 0.004772505464405219
58390.48716191068 -0.001428023703835308 0.007799889186946912
58390.53716191068 -0.0009082887392657305 0.007285217992278237
58390.587161910684 -0.001917022006277905 0.008045123726101513
58390.63716191069 0.00443389854597992 0.00858297764278015
58390.68716191069 -0.0019270960040579175 0.005741312841428014
58390.73716191069 -0.010831566813539658 0.003516389015756273
58390.8371619107 -0.006958974342365238 0.008057951767068285
58390.8871619107 -0.012177629403459131 0.006250457948483721
58390.937161910704 -0.005569058269112066 0.0035418521510932905
58390.98716191071 -0.011847793687486964 0.0031230078592262875
58391.03716191071 -0.012381011754170144 0.007109069177712901
58391.08716191071 0.015218964362109353 0.006629292676674137
58391.487161910736 0.0031530020223413226 0.0054585474830770005
58391.53716191074 0.007660844048574555 0.0046066271452107
58391.58716191074 0.0002306281074243577 0.0053871407904297446
58391.637161910745 0.005091163132673378 0.0048567007617879325
58391.68716191075 -0.001648211202725236 0.003225008469229378
58391.73716191075 -0.004976675337605426 0.0045214575214608315
58391.93716191076 -0.011569464317813666 0.0041712366134756835
58391.987161910765 0.0009487979644745412 0.0073065299114527475
58392.03716191077 -0.0045755071919263745 0.005769021774576379
58392.08716191077 0.011808105466241456 0.005134622034326112
58392.28716191078 -0.00041789313403473456 0.007425121642588735
58392.337161910786 -0.008579412503942983 0.009285499740619903
58392.38716191079 -0.013577073026693642 0.0016242067350363794
58392.5371619108 0.004648569644571625 0.005608141499013308
58392.5871619108 0.011302516432879401 0.008410429650174743
58392.6371619108 0.009104285830481337 0.0021968794749241587
58392.687161910806 0.009520156902299856 0.004861528332086145
58393.23716191084 -0.0005023588511174449 0.0056882267072823275
58393.28716191084 0.006858198623366325 0.004714951844169668
58393.38716191085 -0.010446701978836995 0.008164267835087686
58393.63716191086 0.008272901820522304 0.004310126910567306
58393.687161910864 0.005619804930363266 0.0038493658318741113
58393.98716191088 -0.0282254672882134 0.00991993918934673
58394.98716191094 -0.03510879737454171 0.0065966918524339715
58395.03716191094 -0.04375010025428192 0.009519221089479155
58395.88716191099 -0.018353592921696634 0.0034143534046923323
58395.937161910995 -0.012725698717691513 0.004350109879801723
58395.987161911 -0.01606520274546316 0.006879476838077244
58396.037161911 -0.013558313191344321 0.0071352328492564855
58396.087161911004 -0.0056222315047792515 0.0036098008046318527
58396.23716191101 0.006569403585674543 0.007808452230024389
58396.287161911016 0.0033086442003468636 0.005392114391422522
58396.93716191105 0.009437904636916277 0.0060545576601994805
58396.987161911056 -0.0031817589833488574 0.00672479302938984
58397.08716191106 0.01032160353641988 0.005049753676715099
58397.23716191107 0.013188575816694933 0.00809155482054374
58397.487161911085 -0.001553102593045937 0.009933269247301126
58397.53716191109 -0.001626740943949109 0.006400608917281248
58397.58716191109 0.00511888216687951 0.0029030714391254193
58397.637161911094 0.013076966536156262 0.006006976552966463
58397.6871619111 0.0062168925741556795 0.006618374732163009
58397.88716191111 -0.007578647752711076 0.008968870415593034
58397.93716191111 0.007605208780911 0.00644852360525992
58397.987161911115 0.002725175855736469 0.004086342029337475
58398.03716191112 0.0031269595802622912 0.007874463124417887
58398.08716191112 0.006776301516975289 0.002529284458322389
58398.38716191114 -0.016305768432538743 0.006868232491926686
58398.48716191114 -0.005487504626941408 0.0020426354056470647
58398.53716191115 0.005267626143044588 0.005686970915003011
58398.58716191115 0.00689623052305017 0.006681662687479322
58398.63716191115 0.01256938566524685 0.005466185262061183
58398.687161911155 0.009380956028370357 0.005403120414813742
58398.93716191117 0.007701229052941373 0.005805196901145137
58398.98716191117 0.003980156176139039 0.009909211138881883
58399.037161911176 0.014507126569703464 0.003614476969837587
58399.08716191118 0.008882864082471768 0.0058536735339991845
58399.4871619112 0.00461564141039994 0.005400787425012645
58399.537161911205 0.00879611249335646 0.0070442882544305505
58399.58716191121 0.014308147372683948 0.005433644388478284
58399.63716191121 0.013286598504299665 0.008629170306225002
58399.98716191123 0.017153560088681026 0.006804899458012943
58400.037161911234 0.02128118492664048 0.0029731890787297946
58400.08716191124 0.008262369738656775 0.008659079562611102
58400.53716191126 0.0052492661450140865 0.006522553406279694
58400.587161911266 0.005859428618325617 0.008157850449954493
