Paper_beta_pic_photometry/Data/bring/binned_flux_bring_remko.dat
# %ECSV 1.0
# ---
# datatype:
# - {name: time, datatype: float64}
# - {name: flux, datatype: float64}
# - {name: ferr, datatype: float64}
# schema: astropy-2.0
time flux ferr
[from data line 6308]
59179.08716195658 0.0010983899780345136 0.007522496245398405
59179.13716195658 0.0016296424217821727 0.006264541352389122
59179.187161956586 -0.00047993417090487836 0.005904167223231729
59179.23716195659 -0.004438696195692226 0.003420803886736232
59179.28716195659 -0.006264136773917878 0.003612626502359862
59179.337161956595 -0.0032792516362463798 0.004380936700010826
59180.08716195664 -0.004447413957238519 0.005929090031537119
59180.13716195664 -0.0012114238362306335 0.003956514842375245
59180.187161956645 0.0018779457798732888 0.005203686774238204
59180.23716195665 -0.0009907216602552036 0.002942688725994116
59180.28716195665 -0.0038280657246214655 0.0038862597441968794
59180.33716195665 -0.006110803920828023 0.004817737163835507
59180.93716195669 0.011348529707093756 0.0036340131287614977
59180.98716195669 0.011488731389402571 0.0018345693261643105
59181.037161956694 0.008918442918563594 0.005629410339345478
59181.0871619567 -0.0019381350644091244 0.0037795114175537747
59181.1371619567 0.002826436269839008 0.001921530224717551
59181.1871619567 0.002403562449995759 0.006006271494632281
59181.237161956706 -0.001494078948095699 0.005526351947961236
59181.28716195671 -0.0048285213225032295 0.003090144894638361
59181.33716195671 -0.008126310671088892 0.0048914697880648285
59181.78716195674 -0.00486158009923845 0.0025905697429489667
59181.83716195674 -0.005572445373140244 0.005187728104361492
59182.087161956755 -0.007450358024511787 0.0027110624292405894
59182.13716195676 -0.0020575428917893666 0.003277614339591134
59182.18716195676 -0.0016852506181652092 0.00667692997676867
59182.237161956764 -0.004292790841385516 0.004700065557939133
59182.28716195677 -0.006953869409747436 0.0031409908462450018
59182.33716195677 -0.011652239673886792 0.0024245841604779096
59182.787161956796 0.005696357538113317 0.007555296767615202
59182.8371619568 0.009931042903454859 0.00516587651329547
59182.8871619568 0.0150940562703006 0.005438047736742772
59182.937161956805 0.012799961121520471 0.004168787008774285
59182.98716195681 0.008334594392881449 0.004725691992083903
59183.03716195681 0.008322267372390474 0.005735262774093133
59183.08716195681 -0.015134681214193285 0.0028373963015125778
59183.137161956816 -0.004766077595025231 0.0035232986173848358
59183.18716195682 -0.0033038110314483125 0.005501777068340974
59183.23716195682 -0.00401588980723927 0.004912188201170211
59183.287161956825 -0.006040924616060095 0.0043036117616467185
59183.33716195683 -0.012410134501226614 0.0026711636021210282
59183.787161956854 -0.0050643953747193104 0.006184432042526796
59183.83716195686 -0.006186455020450898 0.00776793358192053
59183.88716195686 -0.0015919261256790356 0.005439802515883438
59183.93716195686 0.0037814684955534733 0.005901170032948573
59183.987161956866 0.013955499211439033 0.0037409513827295106
59184.03716195687 0.011097239617572786 0.002614526797106184
59184.08716195687 -0.012121210502232896 0.003271890404832929
59184.137161956874 -0.006255462547294086 0.005217804770519749
59184.18716195688 0.0006077629029381537 0.0036831077720976225
59184.28716195688 -0.005704663035380453 0.003956374149534977
59184.337161956886 -0.010788301278307337 0.0031170998477124895
59185.13716195693 0.004566607684668467 0.00702391424299464
59185.187161956936 0.005565633949671369 0.004052459517528738
59185.23716195694 0.008169021443519272 0.0056443905356957595
59185.28716195694 0.007049499324807456 0.0041302572453710065
59185.337161956944 0.0056457883067108795 0.003245305006932682
59185.78716195697 0.015207506953905214 0.00445119213232126
59185.83716195697 0.007805039177341817 0.004877630016441155
59185.887161956976 0.0036611030417424894 0.006260704192921595
59185.93716195698 0.006171036121379455 0.006274455047789903
59185.98716195698 0.017507053881560517 0.003069120548271837
59186.037161956985 0.01569047761734176 0.007066503404859587
59186.187161956994 0.0056355779120321236 0.004171524089987258
59186.237161957 0.0072635838446625245 0.004185248983405878
59186.287161957 0.007109860087743816 0.00401619591905445
59186.337161957 0.005659668060073736 0.0029394791340757466
59186.83716195703 0.014913566580837439 0.006287398888935594
59186.887161957035 0.0018064579345190652 0.005442142032302271
59186.93716195704 0.004525983110220162 0.005661137574504354
59186.98716195704 0.010367943517161178 0.004482850770831939
59187.03716195704 0.00897582173194364 0.0031930693627078774
59187.087161957046 0.017425305052220445 0.005029524302088417
59187.18716195705 0.004902234953589653 0.00263269755354895
59187.237161957055 0.007088483075019008 0.0031080149315796104
59187.28716195706 0.005758632916130919 0.0032868916186970724
59187.33716195706 0.004139842454404112 0.0028433945808353125
59187.83716195709 0.014498840726774749 0.005878375987403975
59188.0371619571 0.006380491644553787 0.005127375872529876
59188.087161957104 0.014995458896984632 0.006229142322416693
59188.13716195711 0.012399238424376116 0.009370944073641526
59188.18716195711 0.004196388551737267 0.0032876840410991388
59188.23716195711 0.004844082834747953 0.0026314792377728725
59188.287161957116 0.005612101668782621 0.0022285443124141287
59188.33716195712 0.005524904380050282 0.0026634806405558963
59188.83716195715 0.031208700729116703 0.006785768163046269
59188.88716195715 0.027493971442834324 0.005253218360306069
59188.937161957154 0.005597980412890203 0.007297179660355601
59188.98716195716 0.00780865291515942 0.007432118513095991
59189.03716195716 0.01010685015235139 0.008080868161578183
59189.08716195716 0.010416397198819035 0.009797656342007847
59189.137161957166 0.010609724831139263 0.00997927073496202
59189.18716195717 0.0015979371403831133 0.004871168206877165
59189.23716195717 0.0016179109222205265 0.0021191163327282524
59189.287161957174 0.003392167260571553 0.0024184307403582214
59189.33716195718 0.0023208356688935172 0.0025215446317151434
59189.837161957206 0.006867414377890823 0.009826374406983735
59190.18716195723 0.0006331929860303771 0.005707741444067562
59190.23716195723 0.0003110746712488395 0.003519585626526265
59190.28716195723 0.002075812119069883 0.0024002697366237147
59190.337161957235 0.00060033979572686 0.003131645270580211
59190.837161957264 0.014181388475467445 0.005398131288551411
59190.88716195727 0.013742947332093492 0.004430314394340771
59191.037161957276 0.004630077736339999 0.007215796496730042
59191.187161957285 -0.0006910781590556256 0.005384490491213307
59191.23716195729 -0.0014165703060750729 0.004283665350699141
59191.28716195729 -0.0011028239107298673 0.002337425620443341
59191.33716195729 -0.0013946615325134044 0.002150483995598581
59191.83716195732 0.004538207167310467 0.004896751541393435
59191.887161957326 0.004126451869300709 0.005383480120979849
59191.93716195733 0.004948297844243855 0.002809232800740125
59191.98716195733 0.007890596298123677 0.004338166714292138
59192.037161957334 0.006414728134808341 0.006298715352646874
59192.08716195734 0.007564859356079487 0.009338956991394911
59192.13716195734 0.005449021620113854 0.00812592907819682
59192.18716195734 -0.0007611955054660929 0.005137657235240122
59192.237161957346 0.00011324933542755258 0.003500168940981525
59192.28716195735 -0.0012258690834091633 0.002605153003070751
59192.33716195735 -0.0014764092965571082 0.0019315824049368012
59193.03716195739 0.004356426569815108 0.0093512088012767
59193.1371619574 0.0031231418167761175 0.009227653563253882
59193.1871619574 -0.0019102014576225196 0.003890933815383245
59193.237161957404 -0.001930543696351967 0.0035445125692548578
59193.28716195741 -0.003000256701162056 0.004218713529413521
59193.33716195741 -0.004166698705983407 0.0023118868318544156
59193.83716195744 -0.00523625201640369 0.004708934600051956
59194.087161957454 0.005754565445213067 0.009810962065817903
59194.13716195746 0.010633569724331549 0.008753133160612842
59194.18716195746 -0.004858552490931297 0.006256664211068057
59195.137161957515 0.0028996488561701434 0.008852535665408365
59195.18716195752 -0.0017766179274081263 0.0035660310972337617
59195.23716195752 -0.0013325145324092108 0.00296377089212236
59195.28716195752 -0.0005798095883404622 0.0025125220742683026
59195.33716195753 -0.004291924422648729 0.0021242625725919817
59196.187161957576 -0.0009067265633862423 0.0038780918822927963
59196.23716195758 -0.0002417499967175591 0.0031187136755568942
59196.28716195758 -3.99886444605424e-05 0.002200317732799174
59196.337161957585 -0.0012800696551876869 0.0024648591108931287
59196.837161957614 0.016007956074928407 0.0023734711963455312
59196.88716195762 0.009425877252949712 0.004340200019352312
59196.93716195762 0.0063943548995574456 0.005457038821140419
59196.98716195762 0.013599120981609711 0.006169765142009703
59197.037161957625 0.008540098518420747 0.009310456528540696
59197.13716195763 0.004345491584878194 0.00862897651128825
59197.187161957634 -0.0008390270053476946 0.004179525593410637
59197.23716195764 -0.0018768655300907544 0.004660026321459425
59197.28716195764 -0.0006817459918825362 0.002165685212700402
59197.33716195764 -0.001568316654703042 0.0039531056980317445
59197.83716195767 0.007083737638782095 0.004122479217661739
59198.03716195768 0.005624445760845549 0.008018462946508485
59198.13716195769 0.003019914644999514 0.006816076784425249
59198.18716195769 -0.0002014319150198515 0.004032064270872852
59198.237161957695 -0.00102892440892221 0.002023929034330602
59198.2871619577 -0.000505111691552322 0.003366650659161472
59198.3371619577 -0.0018072927757114554 0.0028644593181362528
59198.83716195773 0.0064281437322556085 0.00495028439364582
59198.88716195773 -0.0004261452033082352 0.0043029725594173245
59198.937161957736 0.00212376710418324 0.003707373715152509
59198.98716195774 0.005910993795917041 0.0030742591846949375
59199.13716195775 0.0038463868630673817 0.0071682040958394085
59199.18716195775 0.0009708197602079995 0.0033799057117227848
59199.23716195775 0.00134676262305567 0.0018441874048857692
59199.287161957756 -0.0007227913964501033 0.0037466394990574173
59199.33716195776 -0.0025939783310215164 0.001981653816060375
59199.83716195779 0.013626794144173329 0.00578952671376129
59199.88716195779 0.00624945341619695 0.0051814473430256075
59199.937161957794 0.002377131723034989 0.004169629023325677
59199.9871619578 0.010888936826133549 0.003457087168702588
59200.0371619578 0.003543053723900643 0.004977309031942419
59200.0871619578 0.006222396354899847 0.0074537256942061834
59200.137161957806 0.0030988436747763116 0.005307792505588269
59200.18716195781 0.0009005571166387954 0.004777004141449925
59200.23716195781 0.003822354465866266 0.004263122548394629
59200.287161957815 0.002824875272021368 0.003219355318458992
59200.33716195782 0.0011433629413769258 0.003958837265661257
59200.83716195785 0.004673127938620181 0.005166750689793107
59200.88716195785 0.003792840300719556 0.003843925275014153
59200.93716195785 0.004334880726505597 0.003594580536469425
59200.987161957855 0.007455444765625957 0.00477891541533866
59201.03716195786 0.004698193515974475 0.007793565471018026
59201.08716195786 0.0046621456317095245 0.007215079070517147
59201.137161957864 0.0031205300502262913 0.0051495161752689
59201.18716195787 0.001696964907627857 0.004491500991858716
59201.23716195787 0.0031352354353399196 0.0031029027799501004
59201.28716195787 0.0017448816971033297 0.0029398506648774343
59201.337161957876 -0.001948038457606335 0.0014897483175730622
59201.837161957905 0.01815801254916211 0.004666582061393882
59201.88716195791 0.013260554391540707 0.0046989729464775275
59201.93716195791 0.009345134860146067 0.003398015641663428
59201.98716195791 0.009604702715510737 0.003885778744685607
59202.03716195792 -0.00032487709262332687 0.0030160388585187396
59202.08716195792 0.0006530742881959025 0.005328015875109368
59202.13716195792 0.0024658519338424164 0.003208839498985
59202.187161957925 0.0030057165310433914 0.0033273529771962853
59202.23716195793 0.002945232858706379 0.0031263638993401397
59202.28716195793 0.0034879751395192203 0.0034567828526603996
59202.337161957934 0.0036685530602951688 0.0040272304755124815
59202.83716195796 0.018638282607945 0.005337889602988516
59202.887161957966 0.007432905698405712 0.00567786029226741
59202.93716195797 0.007948289975317444 0.00399462843570284
59202.98716195797 0.010350669095531595 0.0026684072472336045
59203.037161957975 0.004586754411698729 0.005221591117954009
59203.08716195798 0.002754747531015334 0.007042846330488963
59203.13716195798 0.0021162826309546394 0.0030853912632642522
59203.18716195798 0.002329681292037657 0.0033257776951162352
59203.237161957986 0.0038184863157452414 0.0033315634079905503
59203.28716195799 0.002835943727172961 0.00417715216710849
59203.33716195799 0.00021695262972099005 0.003666724368374755
59204.087161958036 0.0029662531661051594 0.008417555495151071
59204.13716195804 -0.00015693798218567655 0.004301521471814082
59204.18716195804 -0.0006655410278392275 0.004356399614830239
59204.237161958044 0.003261028336744794 0.004068166589526425
59204.28716195805 0.0014954754354386036 0.0028662066290858286
59204.33716195805 -0.00431298295199632 0.003155719553954755
59205.087161958094 -0.002750306792275265 0.007949778050281237
59205.1371619581 0.001641870827606711 0.0037036655105989807
59205.1871619581 0.00018945354392210393 0.005006535975808549
59205.2371619581 0.005665676822896815 0.005459592951258863
59205.287161958106 0.005269027304307703 0.0044847957213198465
59205.33716195811 0.002461724136962551 0.0026881344059321148
59205.83716195814 0.003926617362401836 0.003582169166760258
59205.88716195814 0.002680730214149658 0.0033063000400499884
59205.93716195814 0.005074419337792783 0.0029106193853844988
59205.987161958146 0.009804554940400778 0.002573373752043158
59206.08716195815 0.0019331774104140928 0.008165464920265557
59206.137161958155 0.0030026159759883376 0.00396566189940729
59206.18716195816 0.0039479732143716025 0.003770831878833851
59206.23716195816 0.0037205358787972113 0.004270721169310984
59206.287161958164 0.007430782127738772 0.005960849288646746
59206.33716195817 0.0029285829444973504 0.0025987679668475314
59206.837161958196 -0.007421186586116989 0.005601463868824973
59206.8871619582 -0.0035186886334326573 0.007965930382632288
59206.9371619582 0.0025754425789027585 0.0028381840867696233
59206.987161958205 0.002830361824714998 0.0061803881868590016
59207.03716195821 0.001097028771949754 0.009181429162047342
59207.08716195821 0.004599496280977119 0.009208810440641035
59207.13716195821 0.001858976037813088 0.003349384894115804
59207.187161958216 -0.00027494660422520604 0.0023358542244003603
59207.23716195822 0.002060217966316206 0.0025713061833636617
59207.28716195822 0.006915042164638356 0.005310178703256888
59207.337161958225 0.006923472701593797 0.0017795985078789779
59207.837161958254 0.01167328800143893 0.003346101326570488
59207.88716195826 0.008108656852148677 0.0025206945560779185
59207.93716195826 0.007867099909104818 0.0021619473429868486
59207.98716195826 0.005668137649714585 0.0023046307565118456
59208.08716195827 0.007122388107467149 0.009500177660687458
59208.13716195827 0.0026756482345505206 0.0031972866939546972
59208.187161958274 0.0015762503460478028 0.0038489147690167966
59208.28716195828 0.007660944450072738 0.008298575760366427
59208.33716195828 0.01634596097993914 0.002236567780727393
59208.83716195831 0.01485638059630341 0.004666883354988177
59208.887161958315 0.009202886393105862 0.0047378786427937376
59208.93716195832 0.010131328458381016 0.0027181473687312324
59208.98716195832 0.01165355664935345 0.0020301018125207767
59209.08716195833 0.005478287726071285 0.008854737126867173
59209.13716195833 0.002032364540714616 0.003915460915788234
59209.18716195833 0.002441221253922543 0.003419814310095296
59209.237161958335 0.0015321063189394695 0.0036849777275519404
59209.28716195834 0.007165418976296823 0.0076261007917957065
59209.33716195834 0.0156983970726165 0.005903289189916326
59209.83716195837 0.014488198266433803 0.002390944049269083
59209.88716195837 0.012531154106110626 0.0027418273088823486
