Paper_beta_pic_photometry/Data/bring/binned_flux_bring_remko.dat
# %ECSV 1.0
# ---
# datatype:
# - {name: time, datatype: float64}
# - {name: flux, datatype: float64}
# - {name: ferr, datatype: float64}
# schema: astropy-2.0
time flux ferr
[from data line 2360]
58292.78716190499 0.007616459693800887 0.005379285308690482
58293.73716190505 0.014723663410689846 0.003604675143531024
58293.78716190505 0.014678639534576265 0.004296714079281417
58294.78716190511 0.007460281420434319 0.00465076135030603
58298.1371619053 -0.029694748362946204 0.005780295270793377
58301.787161905515 -0.0030299978430393484 0.003380459252343589
58304.13716190565 -0.019001517398463095 0.0049601545455352
58305.13716190571 -0.03126108022345612 0.008125059698721095
58305.737161905745 -0.002653421849677262 0.006343152818312384
58305.78716190575 -0.008085461306364157 0.005117224474300191
58306.087161905765 -0.031262529712746616 0.006346154504652185
58306.13716190577 -0.035599528503999986 0.0061463556217524855
58308.137161905885 -0.034011197509596476 0.007339094512061774
58308.73716190592 -0.0013959090623738484 0.006330348489696717
58308.78716190592 -0.008927126388695706 0.008738594687518541
58309.73716190598 -0.0019946887358537244 0.006286620729980305
58309.78716190598 -0.00771336848083939 0.004323637281441831
58310.087161906 -0.017799363828872736 0.005117204466514956
58310.137161906 -0.028905753600851722 0.0039310181213864535
58310.737161906036 -0.0021933283446384073 0.004762014835303536
58310.78716190604 -0.009981985372799698 0.005627169030125323
58311.737161906094 -0.005338720561542475 0.0032249054122573955
58311.7871619061 -0.013098863932630907 0.00467122639074754
58312.73716190615 -0.012452012101567692 0.005336064399562358
58312.787161906155 -0.012137844855287528 0.004158320614627311
58313.68716190621 -0.002984913387526581 0.004468742608242645
58313.73716190621 0.001531804406981205 0.004254973092770803
58313.78716190621 -0.009112481820782772 0.0017998055148529097
58314.687161906266 0.004078163051377937 0.0025490389644386205
58314.73716190627 -0.003480026888382987 0.00615560421706419
58314.78716190627 -0.014676765546553804 0.004305906219361688
58315.687161906324 0.0009388750919556868 0.005545142114754887
58315.73716190633 0.005503019993449479 0.0030186631163795965
58315.78716190633 -0.0023089902510618357 0.004784660076507541
58316.68716190638 0.0025604453360546647 0.003522209820455689
58316.737161906385 0.005131607134762368 0.004318616558217808
58316.78716190639 -0.0014591408789379637 0.00657479080544245
58317.0371619064 -0.05127164986928284 0.003912764240454458
58317.087161906406 -0.047331398290834666 0.004338735765926285
58317.13716190641 -0.04521619025116025 0.003629998305360018
58317.68716190644 0.0020090186020129317 0.004854769200460356
58317.73716190644 0.006411863751678007 0.0058234240103059
58317.787161906446 -0.0032853320504595157 0.005773820784415967
58318.7371619065 0.0009634898566988256 0.002781038938647344
58319.03716190652 -0.036869899107916784 0.006688806530226435
58319.08716190652 -0.027878363991746282 0.005763000647686266
58319.137161906525 -0.028071500649398427 0.004585770960932129
58319.68716190656 0.0013381134492729263 0.008045282696892973
58319.73716190656 0.0010984920061673296 0.004156843818470778
58319.78716190656 -0.009854501150128727 0.004978024170511801
58320.03716190658 -0.005029178541881094 0.0026361039931457456
58320.08716190658 -0.0074276368426180635 0.00481301706066241
58320.13716190658 -0.017462672503935246 0.009178044431581068
58320.73716190662 0.0038953409478302736 0.004587370880461149
58320.78716190662 -0.0028611880494752956 0.007075607849073953
58321.037161906635 -0.00850563494159149 0.008354674113314635
58321.08716190664 -0.00097746581301479 0.004348403958864004
58321.737161906676 0.011983287974221333 0.00548664168973186
58321.78716190668 0.0014229031885341478 0.004453135549488552
58322.0871619067 -0.004233422566892147 0.007016073436036231
58322.1371619067 -0.008494504545627989 0.00963625889727912
58323.13716190676 -0.011161027289475411 0.004961891622877149
58323.68716190679 4.685164711698553e-05 0.004252762200095311
58323.73716190679 0.0034936104954951808 0.0028219945887613188
58323.787161906796 0.00680009623310617 0.0030798582467408495
58324.38716190683 -0.018296788704092126 0.008902498986336889
58324.43716190683 -0.007047487276595155 0.008751355257142544
58324.68716190685 0.0043604135499277445 0.004306311005174201
58324.73716190685 0.0040120852843306305 0.003877826016112892
58324.787161906854 -0.0009722773090103308 0.0036397807699713918
58325.03716190687 -0.024936718454898442 0.005376397985776318
58325.08716190687 -0.01751964995466527 0.006602385566296502
58325.137161906874 -0.0172853103981797 0.006947544674730886
58325.687161906906 0.0029773339851452457 0.0026298878832972054
58325.73716190691 0.0018857632406705873 0.005447431232666761
58325.78716190691 -0.0018970200676082793 0.0066382871805190985
58327.98716190704 -0.02010348452219138 0.0057064492097082175
58328.03716190704 -0.010776116202372185 0.007781959703294733
58328.087161907046 -0.012076946410449155 0.0062150117615416105
58328.13716190705 -0.032533420872485445 0.005787241605341801
58328.68716190708 0.008021234076946335 0.009777449600268587
58328.737161907084 -0.0005816247762845395 0.005813745548170107
58328.78716190709 -0.0035173008861840716 0.0035699058589028624
58329.0371619071 -0.00929142640575712 0.006150071114359178
58329.087161907104 -0.009991857514549896 0.009500264110529002
58329.13716190711 -0.03285651697733634 0.00655104425277096
58329.68716190714 0.0073570642428759415 0.0028304844194162243
58329.73716190714 0.0017562342408858345 0.002546756846655409
58330.03716190716 -0.030657704234188787 0.003013629243111363
58330.08716190716 -0.028787393975333826 0.004357389703612528
58330.137161907165 -0.028739542204249943 0.004373401159844978
58330.7871619072 0.0008154433003853161 0.002406312047702736
58331.687161907255 0.005398099174331935 0.006804424534587744
58331.73716190726 0.007467109870025224 0.003356736690353422
58331.78716190726 0.0034111934637294484 0.003933332979734989
58332.037161907276 -0.0236229587735921 0.006529464652097603
58332.08716190728 -0.006971181404779916 0.00623755967478875
58332.13716190728 -0.02298739379566898 0.0062763017319551265
58332.387161907296 -0.01212780506138001 0.008616217007732603
58332.4371619073 -0.002408325226532476 0.0022835681058446205
58332.68716190731 -0.0028006950801006494 0.006204753091375849
58332.73716190732 0.0039858331806798585 0.006936605345171994
58332.78716190732 -0.004813380954501308 0.006102855368472673
58332.98716190733 -0.03326699021499269 0.005282905820239606
58333.037161907334 -0.019289769187905217 0.005869444008239353
58333.08716190734 -0.012307621089861054 0.004238560030493394
58333.13716190734 -0.026421442127615553 0.00422899811450921
58334.03716190739 -0.03214629268376385 0.007537059450872389
58334.087161907395 -0.02106086966751221 0.0067615332951286135
58334.1371619074 -0.024824282841932208 0.005806563675756538
58334.38716190741 -0.0047065376690391915 0.00906533707342657
58334.68716190743 0.0022426586306452906 0.0033174512130976124
58334.73716190743 0.003784093315030942 0.003561369731534252
58334.787161907436 0.0014698960882587042 0.003983552790591118
58335.38716190747 -0.005787373481437155 0.004598434690649955
58336.03716190751 -0.02347315059083619 0.006537711143701173
58336.137161907514 -0.013631219209286147 0.005797675062919568
58336.63716190754 0.000979714559219902 0.004121824522908493
58336.68716190755 -0.0006300295441285282 0.0043427463106595066
58336.73716190755 -0.0032269678034797435 0.005265892383603086
58336.78716190755 -0.006628524601986945 0.004433983831996801
58337.6371619076 -0.0011004367693142614 0.005117640511862165
58337.687161907605 -0.001656964753937481 0.0038622679389973594
58337.73716190761 -0.004046824180203777 0.005347527492373766
58337.78716190761 -0.0058199089167371805 0.003163778258112266
58338.387161907645 -0.004524290825917227 0.008280592115614393
58338.63716190766 0.00016709246319267614 0.004757617912261707
58338.68716190766 -0.0008665416111873598 0.006844103188345856
58338.737161907666 -0.006094139768553146 0.007571423614267908
58338.78716190767 -0.005448973431696591 0.0028554236698926827
58339.03716190768 -0.020555520947176092 0.007289065297375902
58339.087161907686 -0.030654619439742826 0.007583506364759348
58339.13716190769 -0.01835426985993836 0.007087845994158941
58339.3871619077 -0.0052506676861662285 0.003262371847346819
58339.63716190772 -0.01265320497394197 0.008066511179617214
58339.68716190772 -0.0020497393216221843 0.004456041226756356
58339.737161907724 -0.001976620207834657 0.0035340659681682945
58339.78716190773 -0.00526298851656475 0.0036590120586004983
58339.98716190774 -0.03375433736330724 0.005701604297254923
58340.03716190774 -0.020850377789782153 0.00717106759440459
58340.087161907744 -0.019530507364776892 0.005005387100962023
58340.13716190775 -0.01227566384486503 0.0033929720379093117
58340.637161907776 0.0019429853815716611 0.006879391165179431
58340.68716190778 0.0058000281913815985 0.005440223403660632
58340.73716190778 0.0017677982954668206 0.007026637040316939
58340.787161907785 -0.0032183597342368606 0.004748027621445589
58340.9871619078 -0.02561231187107199 0.006460048600603225
58341.0371619078 -0.01923821123648284 0.0038127117836669923
58341.0871619078 -0.021273456012516827 0.007496512348237349
58341.137161907805 -0.022507524208219547 0.003661262996716893
58341.38716190782 -0.008071865589036406 0.004259176473559523
58341.637161907835 -0.0005831343915555046 0.007047238755803508
58341.68716190784 -0.005357846001356926 0.002664646877415272
58342.08716190786 -0.016379012812625993 0.008990198422071391
58342.13716190786 -0.03233906503873935 0.006329569586709799
58342.337161907875 -0.0205670992839099 0.004654729236730879
58342.38716190788 -0.014214696245429512 0.006927530018600555
58342.63716190789 -0.004111242638283959 0.004770821401621698
58342.687161907896 -0.006742982194665308 0.0038365019497680294
58342.7371619079 -0.01220763106553776 0.005603257133508152
58342.7871619079 -0.01259242013357422 0.0046664007878637
58342.98716190791 -0.017228268292579736 0.0053709588999070355
58343.037161907916 -0.014235818200059671 0.004237152211860235
58343.08716190792 -0.022332525763566282 0.008726688310858871
58343.13716190792 -0.030824414445453165 0.0049225088335040496
58343.78716190796 -0.009631910706380697 0.0020240682510846556
58343.98716190797 -0.015450922720987978 0.006147650137191008
58344.037161907974 -0.008971417285123597 0.005308719178461584
58344.33716190799 -0.007456583305243601 0.006426638673568603
58344.387161907995 -0.005182633564628584 0.006744726998064073
58344.63716190801 -0.01128918603935238 0.0062427843269899095
58344.68716190801 -0.001607472520046987 0.002126686226945083
58344.737161908015 -0.0042701815195722425 0.0073125101191780515
58344.78716190802 -0.00459634367166288 0.0015330254208897165
58344.98716190803 -0.018769316272788914 0.004022650270958568
58345.03716190803 -0.01039170673821534 0.004815522224892114
58345.087161908035 -0.020245416168244806 0.006512959340336497
58345.13716190804 -0.029877619023588098 0.006329589753236109
58345.33716190805 -0.008614317039488974 0.007056020222553426
58345.38716190805 -0.0048393244599967055 0.003985786946968356
58345.63716190807 0.001638265063648925 0.007954107651988588
58345.68716190807 0.004602889660001688 0.009961253473682732
58345.937161908085 -0.021927129037164317 0.0023938721025223595
58345.98716190809 -0.022010108692487283 0.0038516257919944913
58346.03716190809 -0.011045551902818989 0.004881374705970043
58346.08716190809 -0.019971132107655262 0.008430167988367586
58346.1371619081 -0.032393397896331735 0.006905194012006613
58346.33716190811 -0.005989571099099014 0.004950841048326685
58346.38716190811 -0.003065033328843019 0.0029355785439617852
58346.637161908126 -0.0022188351258234187 0.003551429078197257
58346.68716190813 0.002201177158311331 0.004449770181101345
58346.73716190813 -0.0016692359965477116 0.005519654197410777
58346.787161908134 -0.004562792383628041 0.0036614380855941025
58347.337161908166 -0.005254922409916679 0.00683868890846049
58347.38716190817 -0.008898942163534583 0.005731914576740904
58347.637161908184 0.003994426353375982 0.00417858914768131
58347.68716190819 0.007567300349822813 0.004993369249888756
58347.73716190819 -0.00030640519275636745 0.003363221946244049
58347.78716190819 -0.0035999937475297487 0.004119352945395999
58348.63716190824 0.00947475003308973 0.006514672284495929
58348.687161908245 0.002832592797213066 0.004024094609939553
58348.73716190825 -0.0015111331532530667 0.003771967822069456
58348.78716190825 -0.00874114507628312 0.007537498224876394
58349.33716190828 -0.006615997951778118 0.008053171515446256
58349.387161908286 -0.011734788811965964 0.007110899699382425
58349.6371619083 -0.0028096883969141663 0.005566295622490147
58349.6871619083 0.0003737405269741337 0.005389697354191259
58349.737161908306 -0.006755996795563142 0.004399120839806104
58349.78716190831 -0.011052582759647022 0.003125303788209113
58350.33716190834 -0.00987772140122682 0.004703663100379121
58350.387161908344 -0.00795745074145443 0.0036935008497700665
58350.63716190836 -0.0029037821825129706 0.003831189560729965
58350.68716190836 0.0012247258329504923 0.002669112069213604
58350.737161908364 -0.0012259820390572674 0.004165392800042848
58350.78716190837 -0.0047496795689582535 0.0028166435786943895
58351.3371619084 -0.007161933403963134 0.005582582806078708
58351.3871619084 -0.006762484142044893 0.00464675921753104
58351.63716190842 0.0019042320042655064 0.0027446395115427297
58351.68716190842 0.003231117985201418 0.0023462397587162833
58351.73716190842 0.0006508626048741678 0.004391790556891459
58351.787161908425 -0.0003423075154310506 0.004618427723179791
58351.98716190844 -0.028370482066291097 0.007440842182192435
58352.03716190844 -0.017044324364175193 0.003934607983109249
58352.08716190844 -0.025251299909569154 0.007790998374543795
58352.137161908446 -0.01686451483248425 0.004895599671681713
58352.637161908475 -0.0014005513467628598 0.007258833855329191
58352.68716190848 0.0024193742324168507 0.004546722145046967
58352.73716190848 0.0011537587160259258 0.005556056468203113
58352.78716190848 0.0036417154913744422 0.004137353645946039
58352.93716190849 -0.027939227157125324 0.004640851238959963
58352.987161908495 -0.016979122774558375 0.005471626407282131
58353.0371619085 -0.016800971869398336 0.004517160292709914
58353.0871619085 -0.027907092871527484 0.006000007343502329
58353.137161908504 -0.019983731038142185 0.005878906993141172
58353.63716190853 0.004141726412604941 0.007385886447471331
58353.687161908536 0.0033464993504140022 0.004658003541919633
58353.73716190854 0.0012127470543485 0.0038282250819441435
58353.78716190854 0.007404277584104359 0.0049980679662627306
58353.93716190855 -0.02428413235859807 0.007387075829457964
58353.98716190855 -0.017106171607820703 0.009913211437680515
58354.037161908556 -0.012175374870198739 0.004635192081759112
58354.08716190856 -0.032798370225547366 0.0061026337579021305
58354.13716190856 -0.026690176050045675 0.005030336430005998
58354.337161908574 -0.014540531089103947 0.006920517180513067
58354.63716190859 -0.00026017306955830046 0.004646912752473541
58354.7371619086 -0.008105171453802065 0.006918401902525354
58354.93716190861 -0.019045497595383144 0.007538690726817487
58354.98716190861 -0.011866582094892953 0.00537371450385333
58355.037161908615 0.00155423427552366 0.006739671621243023
58355.08716190862 -0.022596054424971947 0.00543766313324027
58355.13716190862 -0.024016866623811237 0.0057328624624641234
58357.33716190875 -0.0035441822829992108 0.009525098405696314
58357.38716190875 -0.009197323237185223 0.008349560287696463
58357.58716190876 -0.000925697000134007 0.004663699025946448
58357.637161908766 0.005890863154494701 0.0029866576857245156
58357.68716190877 0.0058353127208386245 0.00416172695375289
58357.73716190877 0.0014422362700219691 0.003767272766288403
58357.787161908775 0.0014255614024609115 0.003334052661432763
58358.33716190881 -0.003710748126942214 0.005130406586528923
58358.38716190881 -0.0052967657129789755 0.008426356520676383
58358.58716190882 0.004979742410157084 0.0052378059144752125
