Paper_beta_pic_photometry/Data/binned_BRING.dat
# %ECSV 1.0
# ---
# datatype:
# - {name: time, datatype: float64}
# - {name: flux, datatype: float64}
# - {name: ferr, datatype: float64}
# schema: astropy-2.0
time flux ferr
[from data line 5785]
59099.73716194963 -0.005097768593284836 0.005730015960491804
59099.787161949636 -0.010977026293096362 0.005073276034402141
59102.5871619498 -0.019095713817982047 0.004959061137474636
59102.6371619498 -0.01418718555707422 0.0037726739797308002
59102.687161949805 -0.014418477923036379 0.005674349882223896
59102.73716194981 -0.019553457764643654 0.004585575484241492
59102.78716194981 -0.026949620238032657 0.0039409988206660215
59102.93716194982 -0.05136838056311729 0.009606444458609966
59102.98716194982 -0.02929670358114868 0.006901919693125564
59103.037161949826 -0.02897849881100543 0.003936372118003197
59103.08716194983 -0.029093506549509613 0.0033435310781483036
59103.13716194983 -0.028793730215694726 0.007543261809181012
59103.537161949855 -0.022676359619762887 0.0018546521629043493
59103.63716194986 -0.009549699706947771 0.003701106170114107
59103.68716194986 -0.011734343664944814 0.004844621762800432
59103.737161949866 -0.01678096878971445 0.004073362937120796
59103.78716194987 -0.0243866689949467 0.003807028155467142
59103.98716194988 -0.005573574207994342 0.005785675757018404
59104.587161949916 -0.014677695027574687 0.0075095771689099085
59105.53716194997 -0.015547348098274785 0.006263693908151827
59105.587161949974 -0.008524342145774633 0.003972265360202288
59105.63716194998 -0.003140321973217316 0.00500079499920904
59105.68716194998 -0.005496729434197664 0.003379157810107889
59105.73716194998 -0.010906817773717766 0.004433573814504185
59105.787161949986 -0.01783637898817454 0.003395542430651805
59105.88716194999 -0.02114680955101917 0.004498727419908422
59105.937161949994 -0.028599714442228752 0.002942475657096456
59106.53716195003 -0.012329855159113834 0.006501987301796746
59106.58716195003 -0.00924077081123104 0.006453457924704705
59106.637161950035 -0.003569461065106353 0.006156543695958794
59106.68716195004 -0.007517570586582551 0.0039105318825313025
59106.73716195004 -0.013789192134874562 0.006648657121818012
59106.787161950044 -0.021182029777886503 0.002275134132175929
59107.58716195009 -0.01092534138791636 0.007114721601195666
59107.63716195009 -0.0056306110490339355 0.00443448492995734
59107.687161950096 -0.012592411620063441 0.0055644892871832795
59107.7371619501 -0.015449673947337693 0.006872431271648735
59107.88716195011 -0.02042404181720007 0.003562371749207899
59107.93716195011 -0.022750042994288813 0.004733341495993744
59107.987161950114 -0.02404134264788675 0.006729423559396277
59108.03716195012 -0.029170230214367102 0.009618238441101854
59108.537161950146 -0.022620177219294782 0.0058998574024427715
59108.58716195015 -0.007826993259342567 0.005342292646268005
59108.63716195015 -0.0008411004129798774 0.007197617086593046
59108.687161950154 -0.002481049139043956 0.004745324942990295
59108.73716195016 -0.008752222933129085 0.004575583040291111
59108.78716195016 -0.014732409153681968 0.0027822529296728056
59108.887161950166 -0.03616319969195256 0.002448772018514739
59108.93716195017 -0.03701086951032073 0.002688110308907722
59109.537161950204 -0.01433433977169915 0.006453103588731195
59109.63716195021 -0.0018999400060014326 0.0038178573141976913
59109.68716195021 -0.006999857626122158 0.009026865710437123
59109.737161950216 -0.008928746384078692 0.005215825417325869
59109.78716195022 -0.010897325816124181 0.0020837829071501755
59109.887161950224 -0.04054027549942307 0.006556512896235849
59109.93716195023 -0.03475874992215487 0.005996135034854817
59109.98716195023 -0.022626654664420875 0.0052136566523553534
59110.03716195023 -0.018087532401024623 0.005134961895085158
59110.087161950236 -0.02813925466532447 0.007525678817599289
59110.13716195024 -0.033342021805914036 0.0018922390095178847
59110.63716195027 -0.0031863975430946544 0.007078996212945122
59110.68716195027 -0.005495890831097264 0.004523774774237186
59110.737161950274 -0.012436917540893449 0.004138534870788689
59110.78716195028 -0.018286365067131133 0.0030599137229918687
59110.88716195028 -0.025714400035831374 0.00543603007059728
59110.937161950285 -0.024340549975670093 0.005790847618741129
59110.98716195029 -0.01298646028864947 0.005955780775585134
59111.03716195029 -0.016427495507525102 0.003268567161323174
59111.087161950294 -0.021388421600094045 0.00387265865262084
59111.1371619503 -0.025448872823964973 0.003890724414372485
59111.93716195034 -0.035921605787834994 0.0059230615140323925
59111.98716195035 -0.022581588777022942 0.006947442929844552
59112.58716195038 -0.007142583715773354 0.003128189291931894
59112.68716195039 -0.0018657213382238802 0.0053428421131210295
59112.73716195039 -0.008827919707493442 0.002620643305454349
59112.78716195039 -0.010020727541874747 0.00261729930151293
59113.93716195046 -0.028500379126350436 0.008015139488474843
59113.98716195046 -0.027616698111339672 0.00822830278113212
59114.037161950466 -0.041178867024998296 0.008384125378559407
59114.08716195047 -0.04665586449638231 0.005323275458362334
59114.13716195047 -0.03580972958976977 0.007104412989566792
59114.537161950495 -0.021515715628580456 0.006118797529919494
59114.5871619505 -0.007762943352000477 0.005651244381920289
59114.6371619505 -0.002396820070902615 0.003510629732617892
59114.687161950504 -0.005213823174921173 0.003960778046326694
59114.73716195051 -0.015200914389385391 0.005602115410217113
59114.887161950515 -0.038039364303662164 0.0073882613147740256
59114.93716195052 -0.023914090234324257 0.009501793685365209
59114.98716195052 -0.006191159693738838 0.00768908132721776
59115.037161950524 -0.007695222260967527 0.005142195960926752
59115.08716195053 -0.014956234586393844 0.0069612001353389534
59115.13716195053 -0.017503078761541863 0.00342855035639096
59115.587161950556 -0.008485293979916899 0.006267740763236156
59115.63716195056 -0.0014279298041939698 0.004888714824610949
59115.68716195056 -0.0008873537240966511 0.005298228027882453
59115.737161950565 -0.01944936993083526 0.00840188723148348
59115.88716195057 -0.048223663307334 0.003967913126988345
59115.98716195058 0.011419804934461562 0.005923037502478519
59116.03716195058 0.006468557448842148 0.0042849593117723316
59116.087161950585 -0.001645251082355752 0.007102043064103486
59116.13716195059 -0.008968543216458513 0.0023438268795892303
59116.53716195061 -0.022721293444935863 0.003734895460728437
59116.587161950614 -0.012551009810532707 0.005909903065877418
59116.63716195062 -0.0019354742188222222 0.003957370930272132
59116.68716195062 -0.0044400290264776255 0.0034007150164684853
59116.73716195062 -0.017802719718270573 0.005445760514808623
59116.937161950635 -0.02565933896533654 0.007715212588573264
59116.98716195064 -0.010988327114496241 0.005854034655817097
59117.03716195064 -0.013079332839085364 0.005970095109666692
59117.08716195064 -0.021469965624237274 0.005675996962143465
59118.53716195073 -0.02066224237010315 0.005904347254900508
59118.58716195073 -0.01712298079971504 0.0071593482239226975
59118.63716195073 -0.011430615894735263 0.003862194208258803
59118.68716195074 -0.015539601948751095 0.004593279396965485
59118.73716195074 -0.027407474266429137 0.006720590171407666
59118.88716195075 -0.017708885678584245 0.008280133573795541
59118.93716195075 -0.0217818901782586 0.007097831104078614
59119.537161950786 -0.018978462177045335 0.007945762328974893
59119.58716195079 -0.013286232269046263 0.00852402204444363
59119.63716195079 -8.423353144978355e-05 0.0064000357510286
59119.687161950795 -0.009318059385649604 0.003381764833704712
59119.7371619508 -0.020482003888629387 0.004363795445919652
59120.537161950844 -0.015783474649845936 0.007175222502298132
59120.58716195085 -0.0013353248605907284 0.007514072782966676
59120.63716195085 0.002114014210930151 0.003300487136450741
59120.68716195085 -0.012238587089723156 0.005201781257492841
59120.737161950856 -0.019160375194324546 0.0028172348373228244
59121.937161950926 -0.011781622330304775 0.004640601700258518
59121.98716195093 -0.002620512782743461 0.0037108699067939393
59122.03716195093 -0.011900017848227234 0.004957871554229238
59122.087161950934 -0.020145502348217246 0.004123916639874999
59123.53716195102 -0.015424608480874612 0.005351570721993731
59123.58716195102 -0.009574480969050114 0.0055301726045553995
59123.637161951025 -0.0036033086006471873 0.005439090802433656
59123.68716195103 -0.006056725922295051 0.0054867772931238845
59123.73716195103 -0.02499608758667558 0.002940296974200806
59124.53716195108 -0.01105155960119004 0.007827846192231423
59124.58716195108 -0.003908548174910931 0.007020071782607414
59124.63716195108 -0.00499349583402114 0.003241694634487481
59124.687161951086 -0.003075651975132876 0.005718612209340126
59124.73716195109 -0.01241537966555921 0.004404752715613867
59125.537161951135 -0.004977938510384963 0.00895703616351979
59125.58716195114 -0.0003332662288125275 0.004341332422303104
59125.63716195114 0.0009197563877636325 0.006947304198957631
59125.73716195115 -0.010261631527341365 0.001824946860954082
59127.937161951275 -0.02395024681281836 0.00675110470066397
59127.98716195128 -0.01583653841934555 0.003997299116961724
59128.03716195128 -0.02143721758000729 0.006667094693204652
59128.08716195128 -0.01515721652283843 0.007090102592097843
59128.93716195133 -0.022813889034476734 0.006472759438825873
59128.987161951336 -0.007055877077731841 0.0044195865443179844
59129.03716195134 -0.007825555860272856 0.0029160398707348263
59129.08716195134 -0.008637669276059523 0.0029746628769012867
59129.837161951385 -0.019715653686473628 0.00516294029513464
59129.88716195139 -0.010983575395016026 0.009017773422199957
59129.93716195139 -0.009481706867699415 0.005270715533835014
59129.987161951394 -0.0006344531382457592 0.0021012826907382785
59130.0371619514 -0.00789350238794666 0.006861091427815333
59130.0871619514 -0.012161982261364264 0.003283779425188753
59130.88716195145 -0.013375568490679975 0.005744906696653828
59130.93716195145 -0.022695478302501383 0.004954072532771548
59133.83716195162 -0.01806082303378755 0.007403304245284242
59133.937161951624 -0.028968174088251857 0.006720582829493166
59133.98716195163 -0.034969854823333466 0.006464057525094299
59134.03716195163 -0.04096640875026421 0.009440448943761443
59134.53716195166 -0.013227690636750703 0.008072977383237949
59134.58716195166 -0.013359178513473322 0.0047809722927615915
59134.637161951665 -0.0060366184765095095 0.003595825423470074
59134.68716195167 -0.017567996560467026 0.0036232190833931617
59134.73716195167 -0.016652563135888646 0.0052446605324449405
59136.48716195177 -0.01775295085115554 0.009115315662849292
59136.537161951775 -0.011061264291292894 0.004199222289709178
59136.58716195178 -0.006856893305548395 0.004256250059281476
59136.63716195178 -0.0050211403886073 0.0034654503085830633
59136.687161951784 -0.010700981006242002 0.004963668349089328
59136.73716195179 -0.009414432719201 0.005076662905716914
59137.93716195186 0.004613047678365308 0.005805144805519685
59137.98716195186 2.980161694803913e-05 0.004223205227363285
59138.48716195189 -0.00855065982204701 0.003955981310622693
59138.6371619519 -0.00289640092942373 0.004506110023607819
59138.6871619519 -0.0008514585621062538 0.004699214868393602
59138.7371619519 0.0008156241546603104 0.0054975448925794765
59138.78716195191 -0.01904612288342411 0.004928730612903552
59138.83716195191 -0.020303296641396178 0.0041741888497521884
59138.88716195191 -0.008858250541824679 0.004715365939501204
59138.937161951915 0.00627784902177123 0.004187937543187702
59138.98716195192 0.012775681646228384 0.0029007537247410778
59139.03716195192 -0.0015310212283457842 0.004012216879124105
59139.087161951924 -0.013081158740721728 0.0030589519506568547
59140.03716195198 -0.011322897456663641 0.0039756248862208255
59140.08716195198 -0.012204982780824814 0.003089112865055802
59140.73716195202 -0.029537578651788614 0.009994675458180712
59140.837161952026 -0.011009103267857102 0.003036351192194734
59141.03716195204 -0.007054979459335409 0.007529702713065733
59141.48716195206 -0.007427846777818633 0.006929397762616047
59141.53716195207 -0.00837909060271599 0.008023582733312109
59141.63716195207 -0.006301231960710918 0.006858077640898203
59141.687161952075 -0.01640213077860346 0.004624504118578238
59142.187161952104 -0.0019150806906645522 0.0065274720328387745
59142.23716195211 -0.0031715967771955883 0.005788510732050443
59142.28716195211 -0.012426370570411623 0.006856769226764665
59142.33716195211 -0.01665195847348383 0.0040966914126439845
59142.43716195212 -0.020580221908382795 0.006050730530438515
59142.48716195212 -0.011295334517611753 0.005636895513841535
59142.537161952125 -0.002964415492472172 0.004722982444714506
59142.58716195213 -0.001597254644115658 0.00532782439277559
59142.73716195214 -0.0018466561847186424 0.0024334102098785364
59142.78716195214 -0.02313817295276538 0.00974374149586185
59142.83716195214 -0.012071023259645442 0.007053458828319846
59142.887161952145 -0.016033555215007378 0.004580112748302946
59142.93716195215 -0.012470667918165241 0.006365061312706682
59142.98716195215 -0.014918313849871266 0.003351681333654505
59143.037161952154 -0.022085137745176293 0.004570826771009259
59143.08716195216 -0.008692904690732828 0.0036332939586612256
59143.18716195216 -0.0050802816113750425 0.005088453406388884
59143.237161952165 -0.005258493133470432 0.005185782166216912
59143.28716195217 -0.010257111991572407 0.006390165983966231
59143.33716195217 -0.016787489675898257 0.0035332059447510844
59143.63716195219 0.0013885217039083075 0.005200661268250882
59143.68716195219 -0.00012790625786352936 0.003997999420493552
59143.737161952195 -0.0002241599007939854 0.0030834318422970743
59143.7871619522 -0.01575294480602052 0.009505374023215402
59143.8371619522 -0.014337139562276634 0.0050305085200035215
59143.8871619522 -0.009407232226817022 0.005388496665553474
59143.937161952206 0.004263470123594549 0.003832379817732052
59143.98716195221 0.0012905615903334483 0.0064806091782892965
59144.03716195221 -0.008308176443210127 0.0027728148469929547
59144.087161952215 -0.009099009092314337 0.002778903579685738
59144.18716195222 -0.00768348961947747 0.009348565999356594
59144.237161952224 -0.0017179201721519944 0.004895818386815689
59144.28716195223 -0.010403582912588786 0.0069710148737697555
59144.33716195223 -0.01645119266055454 0.0036223672658997645
59144.587161952244 -0.0100607675024871 0.008384611229214098
59144.63716195225 0.004732287727949218 0.00623295818797864
59144.68716195225 0.006633051002820403 0.003770205556288387
59144.73716195225 0.007522281774137508 0.0024207069015965365
59145.23716195228 -0.0017127501910654311 0.006670077100519469
59145.287161952285 -0.01104822761622138 0.009604600680468058
59145.33716195229 -0.018181793633820092 0.0020839603471587407
59145.93716195232 -0.013235204984767926 0.007816895488646471
59145.987161952326 -0.010615617027568875 0.004562691784444189
59146.03716195233 -0.018982788776002183 0.004115150918659681
59146.08716195233 -0.01975408328986963 0.0034825023383791226
59146.23716195234 -0.004636588116199636 0.008741611150930171
59146.28716195234 -0.008097897221233072 0.009363055725778339
59146.337161952346 -0.014728056259787436 0.004837458183886778
59146.78716195237 -0.018021979188250725 0.004799103903349223
59146.837161952375 -0.012791561529567832 0.005221903727896977
59146.88716195238 -0.009952056845459856 0.004424218240519541
59146.93716195238 0.0034808205938560923 0.003802209686668004
59146.987161952384 -0.002918567915659714 0.008784461552956035
59147.03716195239 -0.011284878094643331 0.0024220394524658
59147.08716195239 -0.013664840555770096 0.0035192266743478457
59147.187161952395 -0.008153262822693033 0.00952972510552561
59147.2371619524 -0.0075437626265127955 0.0074411967769776035
59147.2871619524 -0.009815452999191747 0.00431435427278361
59147.337161952404 -0.011053752823958993 0.0046013858699546425
59148.18716195245 -0.0058900421756015574 0.006823358461453925
59148.23716195246 -0.004444404923330482 0.007522939839221452
59148.28716195246 -0.00966664261065842 0.0062348537342887195
59148.33716195246 -0.01118960848862787 0.003337702130919289
