Paper_beta_pic_photometry/Data/binned_BRITE.dat
# %ECSV 1.0
# ---
# datatype:
# - {name: time, datatype: float64}
# - {name: flux, datatype: float64}
# - {name: ferr, datatype: float64}
# schema: astropy-2.0
time flux ferr
[from data line 4406]
58145.61383406178 0.00046255302587830394 0.003677189336233968
58145.66383406179 0.0032183904962290017 0.006661614354571899
58145.71383406179 0.00041986946697316913 0.005638077765916747
58145.76383406179 -0.0006336759368677622 0.005354961084295029
58145.8638340618 0.0005864410492971261 0.006124272877943309
58145.9138340618 -0.0005193848210304395 0.005634441544904268
58145.963834061804 0.0011096132789548314 0.0039006035315458823
58146.06383406181 -0.0021889667509118237 0.003110602734555844
58146.11383406181 0.0014437903505018722 0.00467538446913779
58146.163834061816 -0.002874798444560739 0.004584837949022862
58146.26383406182 -0.001834004518030874 0.00425915054397626
58146.313834061824 -0.0010442441900160961 0.005974027323512339
58146.36383406183 0.0017589316847214068 0.004540215781740077
58146.41383406183 -8.322577539796348e-05 0.004549457964237246
58146.46383406183 -0.0013341317765767616 0.00580314053913234
58146.513834061836 0.0007381429026304616 0.005133906026978024
58146.56383406184 0.0019340993223279162 0.005125950483750519
58146.61383406184 0.0027410298121101954 0.004359563597312175
58146.663834061845 0.0011346446326807138 0.00594392139356915
58146.71383406185 0.0023544187112366577 0.0050115792746714665
58146.76383406185 -0.000992277842455889 0.004476075732614294
58146.81383406185 -0.0009596138204381036 0.00579015938069336
58146.863834061856 2.4248179486937742e-05 0.005428882033355566
58146.91383406186 -0.00010470665395143755 0.004422754537983794
58146.96383406186 0.0015750725479967364 0.003639625699344697
58147.013834061865 -0.001158451942235714 0.0033360411994766276
58147.06383406187 0.003995626991240874 0.0042909738635575545
58147.11383406187 -0.0007672995931948695 0.0035246691310143246
58147.21383406188 -0.002754792570276686 0.002351620485078769
58147.26383406188 0.0012602243860226703 0.003704044698292051
58147.31383406188 -2.9259049936652197e-05 0.004636755193232304
58148.41383406195 -0.00026925063019631046 0.005360658499207766
58148.46383406195 -0.00015573089018475206 0.004888330123169315
58148.51383406195 -0.00469348837437103 0.003131131885240206
58148.563834061955 -0.0008758483924914984 0.004794912560370042
58148.61383406196 -0.0008754432674427669 0.004531281291045293
58148.66383406196 0.0013337100353404225 0.004782902735920678
58148.76383406197 -0.0023080178156835076 0.007104503643697612
58148.81383406197 -0.0011390832922858946 0.005261021525322513
58148.86383406197 0.000570945589130686 0.006520402002952534
58148.96383406198 -0.0009544824170038934 0.003572289596607194
58149.01383406198 0.0005585060629283323 0.005862800345752636
58149.063834061984 0.0015531335526464713 0.0060440291626818465
58149.16383406199 0.00020792592437438585 0.0048652761033512425
58149.21383406199 -0.0026683370759813647 0.004157066840500013
58149.363834062 0.0003014112184519524 0.004592488188301013
58149.413834062005 0.001045874038816381 0.004682991236385126
58149.46383406201 -0.0004937926388926213 0.0051506566112202706
58149.51383406201 -0.003140739549996264 0.006395299226486121
58149.56383406201 0.0015911934879521935 0.005819821259520837
58149.61383406202 -0.0022798175208595473 0.005244754378962798
58149.66383406202 0.002488837226388659 0.0037632927895273373
58149.71383406202 0.0005183020220944991 0.007285549921793758
58149.763834062025 -0.00035663985181858703 0.00468487344753339
58149.81383406203 -0.0010922033662775902 0.005447543048187983
58149.86383406203 0.0019353893652548915 0.004443103416762832
58149.913834062034 -0.00023921158551640307 0.004361241279688167
58149.96383406204 -0.0024557294523719587 0.003995586880380392
58150.01383406204 -0.0001451946796166296 0.004664612854927957
58150.06383406204 0.0010927597948591217 0.00442309845925801
58150.113834062045 -0.0010939129340450603 0.005395464664951452
58150.16383406205 -0.004928114733290151 0.00683844672613856
58150.21383406205 0.0012089658318649554 0.006856059815744933
58150.31383406206 -0.0013058015240656484 0.00501172867580987
58150.36383406206 -0.0005398050441422006 0.0044794846535970295
58150.41383406206 0.0027553536709993753 0.004331080337664337
58150.56383406207 -0.00012126169683995933 0.005397982468031191
58150.613834062075 -0.0011668479762386265 0.004765179335678044
58150.66383406208 0.0030495058202655856 0.006544261532094719
58150.71383406208 0.0003893703100062877 0.005585467173963501
58150.76383406208 0.000669876027903068 0.005517172919050298
58150.813834062086 -0.000482144966610663 0.005402643086029125
58150.86383406209 0.0005226270124134846 0.004887746994955973
58150.91383406209 0.0012487815521963995 0.005857044692171109
58150.963834062095 -0.000565417784264169 0.0045579564318081935
58151.0138340621 -0.0033368342637816574 0.0028671875909094076
58151.113834062104 0.0029282464103785157 0.004617941740457586
58151.16383406211 -0.0027283055191096805 0.0036764011848094973
58151.21383406211 -0.00019678422480793077 0.003738752620353612
58151.313834062115 0.00042565697335908117 0.006930579252015831
58151.41383406212 0.004002617440858692 0.005982004826002541
58151.463834062124 -0.001922035962251989 0.005860228635427256
58151.51383406213 7.87333743193733e-05 0.0043143597784270835
58152.863834062206 -2.9682376424099178e-05 0.005943192316261646
58152.91383406221 0.0010353136591036698 0.004386155852850236
58152.96383406221 0.0034329918453395855 0.004070833774237448
58153.013834062214 -0.0011478403045520613 0.002227416363860547
58153.06383406222 0.0014545808263772635 0.003542194910473004
58153.11383406222 0.002045290971727401 0.00428308599736372
58153.213834062226 0.0011174838894632666 0.004166850277664184
58153.26383406223 -0.001802982912838713 0.004863446634483688
58153.31383406223 -0.0007343691578914285 0.00566064377460987
58153.41383406224 -2.8912050253666005e-05 0.006379659996341741
58153.46383406224 0.0017785959744644987 0.005460002924210741
58153.51383406224 0.00046830256466792047 0.004633745272958817
58153.61383406225 0.00016128605578113791 0.0054382453217574536
58153.66383406225 -0.0010908786909078854 0.004271481320876316
58153.713834062255 5.503920681403955e-05 0.004797487638899882
58153.76383406226 0.00032754674305530973 0.005023140089440246
58153.81383406226 0.00027725502191912733 0.006305247846504337
58153.863834062264 -5.286542831464837e-05 0.004587242797220681
58153.91383406227 0.000261900912979855 0.004733197103992679
58153.96383406227 -0.001015665783603768 0.006068090363182448
58154.01383406227 -0.005104390574017742 0.003569761549118838
58154.063834062275 -0.00045779367290467167 0.0026773790600128113
58154.11383406228 0.00034373654484350926 0.005129972915368418
58154.213834062284 -0.001435062769055112 0.0051369608891629216
58154.26383406229 -0.0006622359798401584 0.00577959374359094
58154.31383406229 -0.0020225801206017247 0.005062619541147646
58154.36383406229 0.0017531326199948178 0.007381894413948852
58154.413834062296 0.0010807711615354832 0.005720931015667746
58154.4638340623 0.0009892555459373896 0.006644015181277074
58154.5138340623 -0.0011016880080822356 0.003262703200301359
58154.563834062305 -0.0002489923218788255 0.0057070660726503955
58154.61383406231 0.004515723126992444 0.004957790755696805
58155.01383406233 -0.00015974812684746285 0.0031931700276710737
58155.86383406238 0.002180605717861429 0.004993281010425103
58155.91383406238 -0.0002273331055834499 0.0061825776333374076
58155.963834062386 -0.00011138866332759955 0.0062639144134942325
58156.01383406239 -0.0023094145336707227 0.0032285653293349253
58156.06383406239 0.0011150997370769078 0.001506169073224733
58156.113834062395 0.002977772695771841 0.005838324136446179
58156.1638340624 -0.0013414185869532176 0.00477926037807256
58156.2138340624 0.0007258350209241482 0.004279168825563114
58156.31383406241 0.0010710940866217164 0.004798979831271434
58156.36383406241 0.0007368054304821046 0.005083126542826246
58156.41383406241 0.002124596705451069 0.003532192667111079
58156.91383406244 0.0015912120895458348 0.004483345714327681
58156.963834062444 0.0017733851722126826 0.00470896400883796
58157.01383406245 -0.003105731486001034 0.004591029938291811
58157.11383406245 0.0005263080611640141 0.005412202574383741
58157.163834062456 -0.0007315307757069906 0.00444174958075302
58157.21383406246 -0.0017542317137987872 0.003518405313405757
58157.313834062465 5.9663045706093154e-05 0.0061687636960110455
58157.36383406247 0.0003786392102344882 0.005788251496811369
58157.41383406247 -0.0007683839784403203 0.006314174808412106
58157.46383406247 -0.00010098315472992564 0.006414373308079334
58157.513834062476 0.0008277827965036796 0.006425451531461412
58157.56383406248 -0.0002633067035952553 0.004784975568225298
58157.61383406248 0.00025333151975945876 0.003981765910036317
58157.663834062485 0.0011138042702386148 0.00522837445823342
58157.8638340625 0.0013396522158872868 0.006956387097160068
58157.9138340625 0.0022275220974473345 0.005062536626938981
58157.9638340625 0.0012983657107338718 0.004741329167152134
58158.06383406251 -0.0037749314021843115 0.004438659160582543
58158.11383406251 -0.00036149715279314664 0.006095209272659232
58158.163834062514 1.0949043046412952e-06 0.004854110056459207
58158.26383406252 -0.0003705315400606646 0.004981660341135524
58158.31383406252 0.0009064810475531618 0.006194791309198117
58158.363834062526 -0.0002882388650334825 0.0046116269851309245
58158.41383406253 -0.004814505253197253 0.004061327398597095
58158.46383406253 -0.0007789710258875978 0.005751683783252992
58158.513834062534 -0.00041264465689321527 0.005514211488806717
58158.56383406254 0.0016998033638353253 0.004383127978507755
58158.61383406254 -0.00015279217149366994 0.0057998986204545995
58158.66383406254 -0.00011933227266823473 0.005214164948288376
58158.713834062546 0.0007298065744447789 0.005569113728007988
58158.76383406255 0.0006088064665751238 0.004754306480969163
58158.81383406255 0.0006222347458957737 0.005505560374816532
58158.863834062555 -0.0010835115964130033 0.004662483994585301
58158.91383406256 0.0008305945828877348 0.004448267705378824
58158.96383406256 -0.0007349265731621627 0.002718561117631967
58159.06383406257 0.0013446478379936014 0.004330703087982662
58159.11383406257 -0.0019791007939434103 0.0037307306386733866
58159.213834062575 -0.0013691751549538991 0.004389688931895623
58159.26383406258 0.0043838258291363005 0.004550298708282542
58159.31383406258 0.0002586772301181456 0.004788450594640047
58159.41383406259 7.101207219838939e-05 0.005352781180741323
58159.46383406259 0.00013715523069885186 0.00591184631178966
58159.51383406259 -0.0005737235705070585 0.004308813139241314
58159.6138340626 0.0002929610206041324 0.005915485902379531
58159.6638340626 -0.0004782202881796275 0.005100922285684105
58159.713834062604 -0.0006148961887151507 0.00404687600947566
58159.76383406261 -0.0015783668626347057 0.006328435969712343
58159.81383406261 0.0014312131795419347 0.004687675962553093
58159.86383406261 0.0007804657006231603 0.004662339138222293
58159.913834062616 0.002191526725169288 0.004848201669016142
58159.96383406262 -0.003023711468999848 0.004321882535087353
58160.01383406262 0.0011992231879418818 0.004069600935660586
58160.063834062625 -0.002766540807498491 0.004151614044061606
58160.11383406263 0.0018388717558232145 0.0038314578571024766
58160.21383406263 -0.0026025910802361593 0.002204279791748977
58160.263834062636 0.0005033316394044323 0.006028594246300334
58160.31383406264 0.0010353575128151493 0.004309865050996911
58160.36383406264 -0.000749043388079521 0.005803105107244645
58160.413834062645 -0.0012652665389869667 0.0051970011858077335
58160.51383406265 0.0016026165416372362 0.0047319375418907374
58160.563834062654 0.0009135375759953953 0.004337418918679142
58160.61383406266 -0.0009244688510699397 0.005704084003838278
58160.66383406266 -0.0011055231637427008 0.004338183951000864
58161.463834062706 -0.0023620720072792295 0.005464099962633591
58161.51383406271 0.0010193926185211657 0.006244052470215887
58161.56383406271 0.0004983565096030151 0.0042934038763234456
58161.613834062715 0.0003059956002153277 0.003827270947155057
58161.66383406272 -0.001000194675325798 0.00451387695725773
58161.71383406272 -0.001129202701671822 0.00562721626495342
58161.76383406272 -0.00018073953809987663 0.005439216688711473
58161.81383406273 0.0003010161513998538 0.0054569786995996555
58161.91383406273 0.004247349344211155 0.006928217010270644
58161.963834062735 -0.0006204959529585133 0.003193087353114199
58162.01383406274 4.2037615068397416e-05 0.004446398743826272
58162.06383406274 -0.00037994988443358635 0.0028457917603970768
58162.113834062744 0.0010745534337832097 0.0026656907637689015
58162.16383406275 -0.002688326142466934 0.004313171328146374
58162.21383406275 -0.00283196922213258 0.004227293053687884
58162.313834062756 -0.00015737591764932896 0.004644640692048457
58162.36383406276 -0.000539171992538093 0.00428421555922264
58162.41383406276 -0.0008331168422260984 0.0060698196606091895
58162.51383406277 -0.0013624131772492344 0.005180938722107133
58162.56383406277 -0.0010929984184492054 0.004325196749971792
58162.61383406277 0.00047234269171536614 0.005122663949027825
58162.663834062776 0.0013091476289358028 0.007634294320305155
58162.71383406278 0.0004346792426356146 0.004396459433584334
58162.76383406278 0.0009538385307405252 0.005453244742669587
58162.813834062785 -0.0010661167808830752 0.004843939544805935
58162.86383406279 0.0020651839276539163 0.005511185187378801
58162.91383406279 0.0012144542457710739 0.0044278511481170065
58162.96383406279 -0.0005564916345188989 0.003374605575713881
58163.0138340628 -0.001869159417363248 0.0034111938290514792
58163.1138340628 0.003059167605355926 0.003836601743084833
58163.163834062805 0.0013880797740780267 0.0030161753090855244
58163.21383406281 -0.0037087843143899122 0.005476805925407979
58163.313834062814 0.0015778186354618111 0.004953948888233521
58163.36383406282 0.0013132834427136287 0.00457753428813903
58163.41383406282 0.0014971576995299132 0.003293758561362875
58163.46383406282 -0.0009493521096778432 0.0051601649647673295
58163.71383406284 0.0018968995705386093 0.004835829638872168
58163.863834062846 -0.0019968205113698096 0.005545756031838343
58163.91383406285 0.0018508404502516587 0.006030174667963221
58163.96383406285 -0.0007629255292693 0.0035585614541901556
58164.06383406286 0.0021804792606272667 0.004126590763651568
58164.11383406286 -0.0004416031644735226 0.00289523885763132
58164.16383406286 -4.710809197844279e-06 0.004611362488775145
58164.26383406287 0.0011710140318197879 0.005636074642334792
58164.31383406287 -0.0017341402631373087 0.005186285540906245
58164.363834062875 0.0014326845332538383 0.004951811489761922
58164.41383406288 -0.003017890143955352 0.005620171914732666
58164.46383406288 0.00022318673661969387 0.003992174051288384
58164.56383406289 0.002584978850152131 0.007116707792888336
58164.61383406289 -0.00010193377023889496 0.005891025345598718
58164.66383406289 0.00023675567797217648 0.006500652124166013
58164.7638340629 0.001382179351777892 0.0054026858052559044
58164.8138340629 -0.0009327916573180473 0.004716061382550826
58164.863834062904 -0.0009843671681643972 0.005354375326326312
58164.91383406291 0.0011907062561535458 0.004871107259099472
58164.96383406291 0.0006470784322762935 0.002202439029870162
58165.01383406291 -0.0014820496528940436 0.002468279931440235
58165.063834062916 0.0020979963644773836 0.004437896200977294
58165.213834062924 -0.003757159937586123 0.004683159426276683
58165.26383406293 0.000521145946906687 0.005366645208607927
58165.31383406293 -0.0003865939817770328 0.005159422414285231
58165.413834062936 0.00045930500129531604 0.004047219941181502
58165.46383406294 -0.00031819227085740407 0.005153921640696999
58165.51383406294 0.0019358096851074236 0.006193079675403505
58165.61383406295 0.000994538359042608 0.0048568682344968
58165.66383406295 0.0007439692599356992 0.004019876544921759
58165.71383406295 -0.0009516836239618273 0.005507812548932198
58165.76383406296 -0.0003868553668633861 0.004334134375515639
58165.86383406296 -0.0016888558332672796 0.004150864040329875
