Paper_beta_pic_photometry/Data/binned_BRITE.dat
# %ECSV 1.0
# ---
# datatype:
# - {name: time, datatype: float64}
# - {name: flux, datatype: float64}
# - {name: ferr, datatype: float64}
# schema: astropy-2.0
time flux ferr
[from data line 3631]
58090.01383405855 -0.0004183929777602365 0.0018736424539795558
58090.06383405855 -0.002286674738183941 0.0032823699686630745
58090.11383405855 -0.003509092644218309 0.0031997472496027297
58090.163834058556 -0.001476156808454622 0.003812186404751175
58090.21383405856 -0.0011877845667774907 0.00260099166674031
58090.313834058565 -0.00023900592142484472 0.0019699811454194365
58090.36383405857 -0.0017362338337663012 0.00170136064377149
58090.41383405857 -0.0025938853680177207 0.003302902814285518
58090.9638340586 0.003522391882119728 0.0036735369501841647
58091.013834058605 -0.0013760497438348558 0.0026918121931668792
58091.11383405861 -0.003942004251872365 0.004021694998005256
58091.163834058614 0.0010835731628175231 0.003751444442072494
58091.21383405862 0.000219476994774849 0.0032432300638697126
58091.513834058635 -9.62441612055942e-05 0.0004274212268796088
58091.56383405864 0.0035551273775628446 0.002127182446023672
58091.61383405864 -0.002321543418813188 0.0034496668401966563
58091.66383405864 -0.0003543754620091948 0.0024695931951717177
58091.713834058646 0.00297438593873387 0.003945374266293864
58091.76383405865 -0.0021423804881534935 0.0021852460283904615
58091.863834058655 -0.0007106719114948201 0.0034480557920970835
58091.91383405866 0.0031593743836685634 0.004156663708778484
58091.96383405866 -0.0006982421084968012 0.004901274550467712
58092.06383405867 0.004354575895481272 0.00410439320281055
58092.11383405867 -0.0051716728891485165 0.0022816385928030336
58092.16383405867 -0.001144278744924254 0.0023878134403041242
58092.26383405868 0.0004800223985386868 0.00194557729730983
58092.31383405868 -3.469052050724173e-05 0.004287459200044027
58092.363834058684 -0.000766914181255296 0.005363171215351724
58092.41383405869 -0.0013594342686500394 0.003369516372425136
58092.46383405869 -0.0017437756975752143 0.003708632334969995
58092.51383405869 0.001331938249524229 0.0034117330815712373
58092.563834058696 -0.00029082748349423815 0.004249591377522319
58092.6138340587 0.0002904858096623521 0.003697189681826887
58092.6638340587 0.0022147624833068758 0.004466040239931182
58092.713834058704 -0.0008255006074092606 0.004918711560525072
58092.76383405871 0.0009997183764785171 0.002663894028310738
58092.81383405871 0.0004713359142771968 0.0032210890349537633
58092.86383405871 0.0017839093721347809 0.003984249490690185
58092.913834058716 0.00033583201418673126 0.0028923517918481817
58092.96383405872 -0.0005774595401728347 0.0030132258729666296
58093.063834058725 -0.001683328109361396 0.002953726898618271
58093.11383405873 -0.0012794652154371848 0.003166204935583307
58093.16383405873 0.0010275207893577943 0.0035002753246100456
58093.21383405873 0.0018453409219023331 0.002558110873919226
58093.26383405874 -0.0022873579314420605 0.0035032730962840813
58093.31383405874 0.0009036097728786712 0.001825874847288128
58093.413834058745 -0.0010168428679749185 0.0038038705034836445
58093.46383405875 -0.0006724219152869651 0.0034084896230331097
58093.51383405875 -0.0005455033392904247 0.0033219213069709645
58093.61383405876 0.0005686748082960408 0.003278609945034971
58093.66383405876 -0.0010282671073669574 0.0026909725337749347
58093.71383405876 9.215815234055951e-05 0.0027241733702405503
58093.763834058765 0.0010354854445839613 0.0036169451756725437
58093.81383405877 0.0055465023138177305 0.0029430232845756225
58093.86383405877 0.00048226541066628825 0.0036089028173409234
58093.913834058774 0.002044094191328998 0.0030667741322895205
58093.96383405878 0.0002451691622137875 0.0030317848684254514
58094.01383405878 -0.000764020881774167 0.0012923088937766105
58094.06383405878 -0.0008193681439429001 0.0016143331238015197
58094.113834058786 -0.0018716714788178865 0.0026941582771502783
58094.21383405879 0.00018568039938402872 0.004684936945353357
58094.263834058795 8.799096004703658e-05 0.002953713001478022
58094.3138340588 0.0014052328512937306 0.0035133809474045467
58094.3638340588 -0.0028571796844247305 0.0032105714098199256
58094.4138340588 -0.001283269577126974 0.0028393121319789947
58094.463834058806 -0.00043480695260964805 0.003423865022701749
58094.51383405881 -0.00044036274188483413 0.0017506566560484462
58094.56383405881 0.0004934946579855331 0.0035086788226845094
58094.613834058815 -7.301419115270195e-05 0.0032273563592061087
58094.66383405882 -0.0005330682899493057 0.0038894649864147472
58094.763834058824 -0.0009738594621662554 0.003846636114688091
58094.81383405883 -0.0008566193675048416 0.0033387886672300317
58094.86383405883 -0.00036522812125095605 0.002943804528717833
58094.963834058835 -0.0005232461089482027 0.0017589946323258257
58095.01383405884 0.002346459931338577 0.0018226041445040797
58095.06383405884 0.0006994288982738461 0.003204000733298684
58095.16383405885 -0.0010142521700001368 0.0025606900219712968
58095.21383405885 0.00012718802122595595 0.002820739378296317
58095.26383405885 0.0006895896546236097 0.002099848959111692
58095.36383405886 0.0006474857895991177 0.003354961065628887
58095.41383405886 -5.2106510560720463e-05 0.0028633131396170416
58095.463834058864 0.0005752608225273506 0.004003407436510158
58095.51383405887 0.0013008078589778148 0.0024768790195569567
58095.56383405887 -0.0008421977180943456 0.0038870438084799273
58095.61383405887 0.0006824907871432023 0.0037470929815576
58095.663834058876 0.00034348523192192804 0.003288742884485279
58095.71383405888 -0.00042781168920617905 0.003912705874404563
58095.76383405888 -0.0013002912755593278 0.0028903749148890896
58095.813834058885 0.00042551858606241377 0.003523780941440166
58095.96383405889 -0.00010249955633427423 0.001446039009589885
58096.0138340589 -2.2824041253336566e-05 0.0014505305623198845
58096.0638340589 0.0022829861183246286 0.0030106114691571817
58096.1138340589 -0.0007322749719350652 0.0054877454310205895
58096.163834058905 -0.0004903961825332782 0.0035156384742455983
58096.313834058914 0.000696372124777456 0.0035501373536542106
58096.36383405892 0.0011003692744888818 0.004166739403272817
58096.41383405892 -0.0021151234167072997 0.004238704716466836
58096.513834058926 0.0006400930277041776 0.0033757370336872134
58096.56383405893 0.0002818153973580516 0.004722243167711036
58096.61383405893 -0.00013813573872276864 0.0034438788159527555
58096.71383405894 0.0038533238676360195 0.0020379283364505354
58096.76383405894 -0.0010486247667473973 0.004629096290518583
58096.81383405894 -0.000920631953830566 0.003661877521153942
58096.863834058946 0.002777130326501953 0.003285963303486563
58096.91383405895 0.001079935560891738 0.0031068189838749857
58096.96383405895 -0.0024377785917381045 0.0016949798837805317
58097.013834058955 0.001990912439504812 0.0031211158088156853
58097.11383405896 -0.0016874135238665064 0.0025346847656748275
58097.16383405896 -0.0012402607308798022 0.0025859829572456713
58097.213834058966 0.0003600782429562125 0.0025481286838882774
58097.363834058975 -2.4515926743746205e-06 0.003562720464686344
58097.41383405898 -0.0006736198876371261 0.002018801997367065
58097.46383405898 0.00013072283187592725 0.003266577805185219
58097.513834058984 7.918382666461091e-05 0.0031916262575586527
58097.56383405899 -0.0010534332399673248 0.0043149974261598115
58097.61383405899 -0.0005489453482097062 0.0031800522063517383
58097.66383405899 0.0024740680584726606 0.0023731184284906857
58097.713834058995 -0.0005778773264174417 0.0029816714924038625
58097.763834059 -0.0008510965511847172 0.002866681107922198
58097.863834059004 -0.0011779721091908489 0.0026452206203935345
58097.91383405901 -0.0005218641251319782 0.0041617905619906765
58097.96383405901 -0.0007948919858304301 0.001971812726607509
58098.063834059016 0.003669899736899138 0.003741634823749953
58098.11383405902 -8.524830985953691e-05 0.0026367546637806175
58098.16383405902 -0.0013563858174462928 0.0028384038323467013
58098.26383405903 -0.0010255854928870342 0.0023921938817591673
58098.31383405903 0.00035791907605446974 0.0037859860156004054
58098.36383405903 0.0006402098383090623 0.002727316585894253
58098.413834059036 -0.0006474273925144436 0.0028934171081971835
58098.46383405904 -0.000676130303805916 0.003754834539868628
58098.51383405904 0.0005192968880602541 0.003465562744066962
58098.563834059045 0.00041504523974910334 0.00366606098575963
58098.61383405905 0.0012876255548518749 0.0027406894236820826
58098.66383405905 0.0018763881596900506 0.004230939331573934
58098.71383405905 -0.00010398474525508684 0.0034182117110853824
58098.81383405906 -0.0020817367755227314 0.002849875810868384
58098.86383405906 0.00029485851367992466 0.003094149623018989
58098.913834059065 -0.0008891636582104263 0.004720462393321224
58098.96383405907 -0.00012580668045848083 0.005042944269611336
58099.063834059074 0.0021538678530828373 0.002130762061600049
58099.11383405908 0.000841848130432728 0.003072090966770903
58099.16383405908 0.0036389622953481027 0.0018175336187474273
58099.21383405908 0.00032337568356685664 0.003474239071527612
58099.263834059086 0.0004540011892128972 0.0038296174856663917
58099.31383405909 -0.0004184001218764666 0.0032273145224695596
58099.413834059094 -9.379111095816161e-05 0.004123893177188105
58099.4638340591 0.00032966165012333725 0.0032521695180151014
58100.41383405915 -0.0003262931608065754 0.004474488772250036
58100.463834059155 0.0006240841253637534 0.003357465723965875
58100.51383405916 0.0002584347315849838 0.0026881620292943786
58100.56383405916 -0.0011828826632982459 0.002365241544383915
58100.613834059164 0.0008844339100214649 0.004394933651404211
58100.66383405917 0.002613582741703552 0.0039541943381583644
58100.71383405917 0.0023971464567378088 0.0033192159797022715
58100.76383405917 0.0002583468432480796 0.0031448478813379385
58100.813834059176 0.0006733278796595859 0.004432764657584191
58100.86383405918 -0.0013151324960870082 0.003106753007763363
58101.01383405919 -0.0014997316458415844 0.001899042297994585
58101.56383405922 -0.0003376769300314096 0.0034835569781077606
58101.663834059225 0.001972333165808501 0.003633452319665387
58101.71383405923 0.0004578571268523679 0.004380704486668601
58101.76383405923 -0.0008768075847687911 0.004176256084516717
58101.813834059234 0.0008194351534521568 0.004493058295593218
58101.86383405924 0.0007166157550447656 0.004791277144572424
58101.91383405924 0.0005554530659350085 0.003569289407401492
58101.96383405924 -0.003256501752897779 0.004704476991298
58102.06383405925 -0.0006597780973236965 0.0013492468797446251
58102.11383405925 -0.001112723968628715 0.0017694337975392195
58102.163834059254 0.0017050828990416618 0.002175189591695973
58102.21383405926 0.0018139068686473803 0.0028769874231792383
58102.31383405926 -0.0006620268082918152 0.004709058422316376
58102.41383405927 0.0011357486517452429 0.003239071531934061
58102.513834059275 0.0007201708391582359 0.003360451166081423
58102.56383405928 0.001691039699053957 0.004422366816373425
58102.61383405928 0.00038732499964397316 0.004336710692276813
58102.66383405928 -0.0013395991198540402 0.004142057844764172
58102.71383405929 0.00041002687607659595 0.004652905274499018
58102.76383405929 -0.0007905786453504734 0.0035714897499677625
58102.81383405929 7.643962261790868e-05 0.0042154531419283684
58102.863834059295 0.0008218287013596676 0.0032427256176484334
58102.9138340593 -0.0008898063727811494 0.0033314627811486383
58102.9638340593 -0.004157534205444013 0.0028658877284398914
58103.013834059304 -0.0004369618542273301 0.004153382810963712
58103.11383405931 -0.002825792882434511 0.002389777339534884
58103.16383405931 0.0009086738100031299 0.003692987273595848
58103.213834059316 0.0005096144368849642 0.003748613874969226
58103.31383405932 -0.0015157368630079823 0.005497049847663185
58103.363834059324 -0.00042432226018106596 0.003994403412263768
58103.41383405933 0.0007812837909041741 0.0040839703315919875
58103.46383405933 0.00023108162674266575 0.004086922039780042
58103.51383405933 0.0010584887242316694 0.004044904159189893
58103.563834059336 -0.00031456232540961224 0.005211743895550105
58103.66383405934 -0.0004064477670799335 0.004115656160154462
58103.76383405935 0.0008178080358617413 0.003734889736329309
58103.86383405935 0.0007507516481240474 0.004202515087912911
58103.913834059356 -0.0020228335817420976 0.0038287286358383086
58103.96383405936 -0.002675739257666924 0.0020492876204483874
58104.063834059365 -0.001320384663977514 0.0038484051028869594
58104.11383405937 -0.001491826213071004 0.003631034381651318
58104.16383405937 0.0012578395121918163 0.003484187053194416
58104.31383405938 -0.000583130879096394 0.0037673822683484165
58104.46383405939 0.0007639006170193543 0.003744739330407309
58104.51383405939 0.0022493096348884384 0.0042067026300602675
58104.563834059394 0.00017278381849724158 0.003562990935462565
58104.6138340594 0.00010313056732764407 0.004225262390345409
58104.6638340594 0.00046772690450964135 0.003530166417993089
58104.763834059406 -0.0003702648901381681 0.003345565088498877
58104.81383405941 0.0017749713503392955 0.0029096097645301172
58104.86383405941 0.0007444899431173729 0.0033843724806616998
58104.913834059415 -3.429364416669762e-05 0.004224379555613294
58104.96383405942 0.0010238534658996027 0.0040653919230678555
58105.06383405942 -0.00017860510616949933 0.003554174316516414
58105.113834059426 -0.0026090041687268917 0.0030434190151576927
58105.21383405943 0.0028113729021441844 0.002624097020338502
58105.263834059435 -0.002532571969298387 0.003886069893948527
58105.31383405944 -0.001586147031066668 0.003315623751742212
58105.41383405944 -0.000253893860633885 0.004646103265552643
58105.91383405947 -0.00018828028759642067 0.003969421824495747
58106.01383405948 -0.00327728661027308 0.0036303378087785224
58106.06383405948 0.0011041325514325499 0.002718903676012613
58106.113834059484 -0.0008823227991989523 0.0026859100715603285
58106.21383405949 0.0015807041914459956 0.0014933820618281155
58106.26383405949 -0.00018636962469354646 0.0037155989608661927
58106.4138340595 -0.0022323907175568203 0.0026947863301244406
58106.51383405951 0.003191283777224713 0.004227005174885091
58106.56383405951 -0.000550887757897494 0.0055038658967930965
58106.61383405951 -0.00036853503604269636 0.004560653196627075
58106.66383405952 3.194217612397092e-05 0.0032644065972172367
58106.76383405952 -0.0011724285029240588 0.003409519345099821
58106.813834059525 -0.001975367761343301 0.005283753287929359
58107.26383405955 -0.0010176148669254436 0.0036342072950568453
58107.313834059554 -0.0013637301155847372 0.0026428148410243177
58107.36383405956 -0.0014964609946005458 0.0029557204265519103
58107.41383405956 0.00036466424719973914 0.004134654014959414
58107.46383405956 0.0027178366036675426 0.003955310437271614
58107.513834059566 0.0007225911119746881 0.003563361021961915
58107.56383405957 0.0012154596385316257 0.0038381381042264452
58107.61383405957 -0.0003146145741332328 0.0037090316092407137
58107.76383405958 -0.002160736546357597 0.005220194047381497
58107.863834059586 0.00046688201875206837 0.004847279680728014
58107.91383405959 0.001458771797818525 0.004361325242974203
58107.96383405959 -0.0015934622518709995 0.0024727215854179084
58108.013834059595 0.0011898314979059922 0.0023210176525697325
58108.0638340596 -0.003866674089221242 0.004207128874150357
58108.1138340596 -0.003626434264696545 0.004551986727958328
58108.163834059604 -0.0007243751109636119 0.002477685439862491
58108.31383405961 0.00045291328223556244 0.0031517675946918914
58108.363834059615 -0.0003593510302545016 0.004760127330078274
58108.41383405962 -0.0009761859283967745 0.004221333469166421
58108.56383405963 -0.0004458913502090957 0.0038128480902500633
58108.61383405963 -0.00018047189623209448 0.0045735401956773225
58108.66383405963 0.0031148663849113745 0.0020038266991692145
58108.713834059636 -0.0009441304899315929 0.0040448988065132025
58108.76383405964 -0.0004507139641630391 0.005221048228330269
58108.81383405964 0.0016176635770574243 0.0035451825987704
58108.863834059644 0.0002746288594822365 0.0021213092188584384
58108.91383405965 -0.0003525812495185711 0.004302702932033898
