Paper_beta_pic_photometry/Data/binned_ASTEP.dat
# %ECSV 1.0
# ---
# datatype:
# - {name: time, datatype: float64}
# - {name: flux, datatype: float64}
# - {name: ferr, datatype: float64}
# schema: astropy-2.0
time flux ferr
[from data line 1562]
58247.05588692438 0.004129480893715814 0.001761769096729621
58247.105886924386 0.0031442239400371946 0.0017717793955915816
58247.15588692439 0.007094149658017895 0.002477401276118927
58247.20588692439 0.015268328957741053 0.004343965267374565
58247.255886924395 0.014451051530552112 0.003264143233041375
58247.3058869244 0.013155915152216072 0.002115237864733916
58247.3558869244 0.015310312817426106 0.0017509101930072658
58247.4058869244 0.014811698679439869 0.0019650646856461435
58247.90588692443 0.0019049182554983616 0.0013379975095702988
58247.955886924436 0.0020295639355975004 0.0009302050314534934
58248.00588692444 0.0023825164825348843 0.00163642775848504
58248.05588692444 0.002421606081393282 0.00133695375300899
58248.105886924444 0.0005156435014654881 0.0016376632842277077
58248.15588692445 0.0003228708538828851 0.0018513358862707553
58248.20588692445 0.003836034785593412 0.002291222817695889
58248.25588692445 0.005199996404999395 0.001960434337344068
58248.305886924456 0.005764714555233583 0.0017882715523901956
58248.35588692446 0.00544011807595976 0.001549683714885676
58248.40588692446 0.005883311411832091 0.0017193263527206753
58248.90588692449 0.019023138407499342 0.0015896276647321785
58248.955886924494 0.018615022104043658 0.0014338951104359821
58249.0058869245 0.01833628887239337 0.0017094887958365266
58249.0558869245 0.017236045322419628 0.0017139858350049377
58249.1058869245 0.014498701971836461 0.002770804674030065
58249.20588692451 0.04235578963735496 0.004674342063047589
58249.25588692451 0.03467590491736959 0.003660424237518152
58249.305886924514 0.038109387081755465 0.004072780269686738
58249.35588692452 0.03653585138929173 0.003971850005288136
58249.40588692452 0.03803724140713931 0.004304873460127473
58249.90588692455 0.18516979140023465 0.002734812018268441
58249.95588692455 0.18095163116796084 0.004723517628134812
58250.005886924555 0.1753802484608548 0.006404683086310723
58250.855886924604 0.0025531877085164466 0.001675552755826157
58250.90588692461 0.002878186553098267 0.0021392006669653353
58250.95588692461 0.0030061039602662667 0.0022030388282694054
58251.00588692461 0.0028615926785275757 0.002330855815339601
58251.055886924616 0.0031866940613472735 0.0027112947443171825
58251.10588692462 0.0027541750162525446 0.002939461790150234
58251.15588692462 0.0014105579500969133 0.003197711501814178
58251.205886924625 0.004667731909399728 0.0053539869316961445
58251.25588692463 0.0028903495467292525 0.003668947781650658
58251.30588692463 0.0017091978625989532 0.004185338294406849
58251.35588692463 0.004438639974908003 0.0034500792423917135
58251.40588692464 0.004125979154206159 0.0031876988654651853
58251.85588692466 0.0016380312708112882 0.003730074442610022
58251.905886924666 0.0024153656951682624 0.004637037068116862
58251.95588692467 0.004073440701692994 0.0028830695056467925
58252.00588692467 0.004213352967192741 0.002304274351058983
58252.055886924674 0.0035388525722104157 0.0034157718648853566
58252.10588692468 0.005495245380992167 0.0021362117693173124
58252.15588692468 0.00514155908149015 0.00262471926766528
58252.20588692468 0.005291697440338391 0.003000395483096854
58252.255886924686 0.00640976094035038 0.0031291829816134558
58252.30588692469 0.007893694303977978 0.0037378522630792457
58252.35588692469 0.0075393346490213176 0.0043274171285238245
58252.405886924695 0.008174135388090113 0.002759374797275967
58252.4558869247 0.009285908918179042 0.00224970137149459
58252.85588692472 0.005932098968495026 0.0013280618459876443
58252.905886924724 0.007004793747068556 0.0019756401601154607
58252.95588692473 0.006459809332752675 0.0023453775278036324
58253.00588692473 0.006689555073565108 0.0020975844566943477
58253.05588692473 0.006619793318039423 0.0026552715930976546
58253.105886924735 0.005439178215398979 0.003161991179812371
58253.15588692474 0.006234265134478733 0.004344296669325907
58253.255886924744 0.007174803485683416 0.005378432573701458
58253.30588692475 0.006772212413355595 0.0033041914024343486
58253.35588692475 0.00844600668420236 0.003017430215875571
58253.40588692475 0.008280801019048142 0.004270601678166521
58253.455886924756 0.007401629657205636 0.0034102360057663454
58253.85588692478 0.00028967911396083647 0.0016735328686467775
58253.90588692478 0.00029378551685701917 0.0017634301854261543
58253.955886924785 0.0006665553475244428 0.0014281750134910057
58254.00588692479 0.0007855184596172248 0.001770242727186394
58254.05588692479 0.00015589639034636172 0.0020298962908385024
58254.10588692479 0.00022819171676311036 0.002497348995368031
58254.1558869248 0.0024008225758925363 0.0040504128317517965
58254.2058869248 0.0021180347370781142 0.0036382895057880255
58254.2558869248 0.0024672944612114745 0.0031660692387852616
58254.305886924805 0.00273247547465834 0.002460034647108515
58254.35588692481 0.0027454385362719073 0.0022893002921208837
58254.40588692481 0.0035553215981796405 0.0030754498450858607
58254.455886924814 0.002822382600881912 0.004016884597952057
58254.85588692484 0.0038722763937954724 0.0011470659914286732
58254.90588692484 0.0034590416854552034 0.0017584763444049895
58254.95588692484 0.0019547391348096934 0.0013991359690834362
58255.005886924846 0.0029060123064633594 0.00186947872132749
58255.05588692485 0.003506287709279217 0.0036079331107290737
58255.10588692485 0.00210529659438868 0.0028273137211555217
58255.155886924855 0.0008622192929510808 0.0018450343722755016
58255.20588692486 0.0031056846275385286 0.001519508555951564
58255.25588692486 0.0023764681619515907 0.001723994723235358
58255.30588692486 0.003644492074483936 0.001761081840410248
58255.355886924866 0.004500231899184557 0.002100731694450001
58255.40588692487 0.004213186832619914 0.0022813498471790103
58255.45588692487 0.004358735764534118 0.0013290377889634056
58255.855886924895 0.003456548754632848 0.0015571916769581493
58255.9058869249 0.0038687665928908888 0.0017688531008816333
58255.9558869249 0.0028323582801454217 0.0010883788219642795
58256.005886924904 0.0025599884014817186 0.0020745021249612824
58256.05588692491 0.0028607209706212667 0.002923211656605376
58256.10588692491 0.002266376483390824 0.001352754596608445
58256.15588692491 0.0028609598528913445 0.0012793419537402099
58256.205886924916 0.0029133464755081236 0.0026150209302339767
58256.25588692492 0.003279449874522923 0.0022812200521373192
58256.30588692492 0.0033504896199308145 0.002042905003375723
58256.355886924925 0.003365520217747922 0.0029627274464105
58256.40588692493 0.004069083425338466 0.0018067370536376491
58256.45588692493 0.0030805339689108026 0.0011194523054535298
58256.855886924954 0.004532113772300122 0.000758009766990984
58256.90588692496 0.004612504258183506 0.001144112981564583
58256.95588692496 0.004620400449819689 0.0022411114900043783
58257.00588692496 0.004808824272062227 0.0016889845031821968
58257.055886924965 0.004753906046715022 0.0013139199379471503
58257.10588692497 0.0048174550970073345 0.0015115185604860123
58257.15588692497 0.004469859132677207 0.0020956710036742422
58257.205886924974 0.005469535183003989 0.0018110557235417309
58257.25588692498 0.006040875436592388 0.0013948738724348447
58257.30588692498 0.005916509884641637 0.0020388320410701668
58257.35588692498 0.006775257089064626 0.0018164828326755708
58257.405886924986 0.006315735660256899 0.0017191188533652129
58257.45588692499 0.005953583865446384 0.001690717194125597
58257.85588692501 0.004416715206605761 0.001451534941953266
58257.905886925015 0.003152038313766077 0.002234634094294246
58257.95588692502 0.0036070942425616183 0.0022476547269166224
58258.00588692502 0.0035344135353010397 0.001655332540073326
58258.05588692502 0.004011755696832705 0.0015037791001049877
58258.10588692503 0.004266987049548694 0.0024612026533662812
58258.15588692503 0.005356781023342378 0.001999129634385627
58258.20588692503 0.006402511540546407 0.0020154250301686813
58258.255886925035 0.006853459562888076 0.0029865120638209956
58258.30588692504 0.0071369488122383995 0.0016613319016001327
58258.35588692504 0.006839454632058445 0.0015347549418970416
58258.405886925044 0.006309833593980308 0.0021145400799539023
58258.45588692505 0.0063772707600931455 0.002979020178037409
58258.85588692507 0.004397565678611655 0.0014953584308567548
58258.90588692507 0.00441202752549738 0.0015993502778647666
58258.955886925076 0.003327964755929081 0.0017124111321068201
58259.00588692508 0.00419840223380923 0.002124271365045415
58259.05588692508 0.002127318436980279 0.0021945285370046676
58259.105886925085 0.003718690168123606 0.004889999037722251
58259.15588692509 0.002263138993829858 0.0018140534021590345
58259.20588692509 0.0028472160438036934 0.003702347500653504
58259.25588692509 0.003894568921028627 0.004410510570186922
58259.305886925096 0.0033473561211091562 0.0021807239773588144
58259.3558869251 0.0029972089941087284 0.0022874938813880886
58259.4058869251 0.003923137062521476 0.0026330773990514544
58259.455886925105 0.004034362917675497 0.0014425860049151324
58259.85588692513 0.0008285176367786108 0.001579753650515507
58259.90588692513 0.0012812444271567114 0.0016404167472716944
58259.955886925134 0.0017600245705784267 0.001179776482179439
58260.00588692514 0.002372184740174024 0.00221944280364974
58260.05588692514 0.004064563000051053 0.0023833266980649304
58260.10588692514 0.004403732554425236 0.0015797710655759904
58260.155886925146 0.0056532287421948765 0.0018157089429015575
58260.20588692515 0.005883916780960115 0.0016730847461266167
58260.25588692515 0.006562673026828309 0.0014568177126617788
58260.305886925154 0.00681067719822111 0.002741299785210929
58260.35588692516 0.008021484954158834 0.0019296922959961653
58260.40588692516 0.008004418375199806 0.0014052744514121108
58260.45588692516 0.007781444487005568 0.0013198291500217483
58260.85588692519 -0.001374880302824988 0.0007461399113861766
58260.90588692519 -0.0010322848319777656 0.0010608490082621314
58260.95588692519 -0.0009679263201436972 0.0016090112805534165
58261.005886925195 0.0004888829571913075 0.0022165616116250238
58261.0558869252 0.0012003042476720575 0.0016253047474355416
58261.1058869252 0.0027031564612886648 0.0011668879346829035
58261.155886925204 0.004540442688187643 0.0016083948802192447
58261.20588692521 0.004870441634467489 0.0020705548855611
58261.25588692521 0.0062979361409353715 0.0022639051291866974
58261.30588692521 0.00638564448823919 0.0019768659279479424
58261.355886925216 0.006474021367959241 0.002264143123022027
58261.40588692522 0.006284132986205751 0.0013214591484391057
58261.45588692522 0.006078024433487768 0.001095179809859922
58261.855886925245 0.006170950399880665 0.0009247102868232162
58261.90588692525 0.0058669361891966615 0.0011788775807855874
58261.95588692525 0.006205708090212831 0.002713868937686551
58262.00588692525 0.006079949769309335 0.00197178288734376
58262.055886925256 0.006422192279185761 0.001367696165488241
58262.10588692526 0.006804443508685814 0.001670198121161363
58262.15588692526 0.006892497867931305 0.0014984410509260551
58262.205886925265 0.007627806786954114 0.002255301561324659
58262.25588692527 0.010209674491855806 0.002361597850713662
58262.30588692527 0.012537232088723139 0.0032189009808718015
58262.355886925274 0.014290065259001831 0.001679316563240436
58262.40588692528 0.01400228147702262 0.001485274448878496
58262.45588692528 0.013169768687985686 0.00112240124573513
58262.8558869253 0.016815636794069923 0.0013471684086559395
58262.905886925306 0.016703792994323088 0.001848301574970692
58262.95588692531 0.01355145891339857 0.002026928786423787
58263.00588692531 0.010759676890500733 0.001477886427394718
58263.055886925315 0.010484934646187619 0.0013462459990770859
58263.10588692532 0.009551780450461664 0.0015118058537275097
58263.15588692532 0.009301921482813898 0.001576361604796683
58263.20588692532 0.009774549176973521 0.001961314819771452
58263.255886925326 0.009821820370453913 0.002480548854079631
58263.30588692533 0.010237456800091062 0.0015041238548808985
58263.35588692533 0.011385666818831918 0.0014834467803772548
58263.405886925335 0.012334448504780927 0.0016560893033728795
58263.45588692534 0.01170646893083005 0.0016714175381183304
58263.85588692536 0.00013482954736419815 0.002661177868953693
58263.905886925364 -0.0007722652245226991 0.0015922832532910382
58263.95588692537 -0.0009401799057338978 0.0015779306196526154
58264.00588692537 -0.0008676094232120302 0.0021993651174950727
58264.05588692537 -1.717815600153853e-05 0.002169112523825176
58264.105886925376 0.000998845313526308 0.0013890129125673808
58264.15588692538 0.0026045556822982237 0.002097109880953276
58264.20588692538 0.004547331043442539 0.0019769768528000065
58264.255886925384 0.004316921036684736 0.0016584712499116891
58264.30588692539 0.005410438688570562 0.0024335424297588235
58264.35588692539 0.006229571939588474 0.0021803669406714092
58264.40588692539 0.006507975529852772 0.0015151986725914187
58264.455886925396 0.006104053994762142 0.0015498174696662612
58264.85588692542 0.005788841540399729 0.0028313509491527692
58264.90588692542 0.0048503732129401445 0.0036176992759882204
58264.955886925425 0.003460048506974075 0.0015247346813622102
58265.00588692543 0.0029534183327481344 0.0016183021221572516
58265.05588692543 0.002844929911769522 0.0020701524038072346
58265.105886925434 0.0040041246875810056 0.0023267165642297674
58265.15588692544 0.0043288187933210685 0.00260406249099437
58265.20588692544 0.004041115358676083 0.0030029848794519563
58265.25588692544 0.0045962692309895825 0.0026583139000005045
58265.305886925446 0.004544990405501747 0.002884952769999059
58265.35588692545 0.004232008037275294 0.002261232573731829
58265.40588692545 0.005249880581632983 0.00213259596785073
58265.455886925454 0.006049461252158446 0.0019952765106735523
58265.85588692548 0.006230425711184465 0.0012544302579631061
58265.90588692548 0.006101039182040774 0.0019029524478697702
58265.95588692548 0.00602413077329786 0.0017705916510869176
58266.005886925486 0.0023394426815141656 0.0016897433762763413
58266.05588692549 0.0031693018068094077 0.0013665132065960725
58266.10588692549 0.0034588146781684933 0.0014343657297642381
58266.155886925495 0.004155312213015993 0.001584276672214708
58266.2058869255 0.004850973400178128 0.0017631046490812652
58266.2558869255 0.006322628192418827 0.0017973921431737592
58266.305886925504 0.005946993685752572 0.0017290487173163174
58266.35588692551 0.006146460587184589 0.0014765602463440418
58266.40588692551 0.006424331153026474 0.0015558148366198539
58266.45588692551 0.006177331153648667 0.0014480835194609768
58266.855886925536 0.005153920833632414 0.0014350811996497387
58266.90588692554 0.004954608597584188 0.001861713162235278
58266.95588692554 0.0029310279754016905 0.0021852824813531594
58267.005886925544 0.003622846946789745 0.0016717681020160945
58267.05588692555 0.0034801965703216884 0.001559255506610285
58267.10588692555 0.0037722278582442755 0.0022023191708974597
58267.15588692555 0.0032772537007677667 0.0013726598757756352
58267.205886925556 0.003781833926920952 0.0022675073989788645
58267.25588692556 0.0034207385652021477 0.0020217741131117826
58267.30588692556 0.0038382027060414473 0.0018738047350947474
58267.355886925565 0.004146905341388362 0.0017270674745980311
58267.40588692557 0.0046678096000930145 0.0017081923782142573
58267.45588692557 0.006406797346061463 0.0010719950128560804
58268.85588692565 -0.0004287631171217792 0.0018735484592946891
58269.10588692567 -0.00227089286593204 0.0026183164969985793
58269.20588692567 -0.000680405495969535 0.0022448256380509183
58269.30588692568 -0.00037732710867383783 0.001897263903471337
58269.35588692568 -5.1990521132764304e-05 0.0016032406220977179
58269.405886925684 0.0008371773168262727 0.002115877423134559
58269.45588692569 0.001109371293542097 0.0026322172077734535
58269.85588692571 0.005658556568580622 0.0009429203176381106
58269.90588692571 0.005545505252189836 0.0016813187497837028
58269.955886925716 0.005071652167144575 0.0014457587586135649
