Paper_beta_pic_photometry/Data/binned_ASTEP.dat
# %ECSV 1.0
# ---
# datatype:
# - {name: time, datatype: float64}
# - {name: flux, datatype: float64}
# - {name: ferr, datatype: float64}
# schema: astropy-2.0
time flux ferr
[from data line 1302]
58214.00588692246 0.0006411289095830849 0.0012155665499183855
58214.05588692246 0.0009435436038434957 0.0012768703490030331
58214.105886922465 0.00046160934997504957 0.002392488928066789
58214.15588692247 3.8788308082564744e-05 0.0034983308844083526
58214.20588692247 0.0010246920075028343 0.002013280490696995
58214.255886922474 0.0008675317213990819 0.0018391061739751844
58214.30588692248 0.0008378152441835903 0.0019592338132496724
58215.00588692252 0.0031955611618522026 0.0010602840311645055
58215.05588692252 0.0032851061049247155 0.002127747037064989
58215.10588692252 0.002234367186801502 0.0017505856048842267
58215.15588692253 0.002746791109012101 0.0017666336615258565
58215.20588692253 0.002554886581888333 0.0016253215367889973
58215.25588692253 0.003049175815734751 0.001921570881399533
58215.305886922535 0.00236961468057334 0.0016643390220818367
58216.005886922576 0.003588465110211904 0.002259790367140511
58216.05588692258 0.002479543328385775 0.0020030228425083002
58216.10588692258 0.0026346783091968583 0.0015166850727637053
58216.155886922585 0.002589863199864215 0.0010103565609330476
58216.20588692259 0.0025775226389905103 0.001836126565714116
58216.25588692259 0.0018375845568722575 0.0013560707826232512
58216.30588692259 0.0020182642153268003 0.00163270344278557
58217.005886922634 0.00018475746753022332 0.001180956931238829
58217.05588692264 0.001696476475134716 0.0010019752135121704
58217.10588692264 0.0010389003086158487 0.0008334376358630557
58217.15588692264 0.0008441299434442673 0.0018279691452058127
58217.205886922646 0.0007410651559978532 0.0014553661346071436
58217.25588692265 0.0012735623640522276 0.0011496474570857774
58217.30588692265 0.0017268111782792765 0.0017545978882890154
58218.205886922704 0.005578625776951088 0.004288714425069756
58218.25588692271 0.0026835942900243614 0.006927506494126323
58219.00588692275 0.003326389361355485 0.002133935579995051
58219.05588692275 0.004314378998645272 0.002113724201231068
58219.105886922756 0.003570492055062958 0.002254286560537435
58219.15588692276 0.003723363048968003 0.0017866221305126995
58219.20588692276 0.004056847314423619 0.0021473376719814185
58219.255886922765 0.004685431336730836 0.004029806726599419
58219.30588692277 0.005573201292316409 0.00326759411668156
58220.00588692281 0.006677362621414251 0.0028816132798374925
58220.05588692281 0.005289314457849607 0.005185216479906001
58220.105886922815 0.007070691841362476 0.0035442824439390645
58220.15588692282 0.009812361045629183 0.0039328967275605664
58220.20588692282 0.005768397221748677 0.0016027690443377331
58220.25588692282 0.006037130893726795 0.003266321834796313
58221.00588692287 0.004839985590647247 0.0020587654899952537
58221.05588692287 0.005288729603399905 0.0022272211233302437
58221.10588692287 0.00496064480608549 0.0015855067763246463
58221.155886922876 0.005290007743970158 0.0022871759168307973
58221.20588692288 0.0050960173033401624 0.0010732778940929003
58221.25588692288 0.007719173015741996 0.0018305828421489125
58221.305886922884 0.0025913471243606255 0.002480028260474206
58221.35588692289 0.008360625956115345 0.0017797654668786135
58222.10588692293 0.003662638348472075 0.0026914205388042143
58222.155886922934 0.0032604929770736436 0.00182309592088053
58222.20588692294 0.0035197160012847765 0.0026178287896915903
58222.25588692294 0.0021641858784334864 0.002009313202023706
58222.30588692294 0.0027481060512262244 0.0025443148666018382
58222.355886922946 0.0012888465662832748 0.0016446369175671224
58223.10588692299 0.01859967753056828 0.006780487523302267
58223.205886922995 0.02784397479607992 0.006399148281786623
58223.355886923004 0.015936854837234282 0.0037196668820906062
58223.95588692304 0.0033378480237524766 0.0011959857849150029
58224.00588692304 0.0024180271586574944 0.0013270041215833583
58224.055886923044 0.00257500600486992 0.002120336768021179
58224.10588692305 0.002311409888965217 0.001627353581447984
58224.15588692305 0.0023735951312649026 0.001667302376050814
58224.20588692305 0.0015163699362822757 0.0018534981751226285
58224.255886923056 0.001091068338424996 0.001904594367220747
58224.30588692306 0.001765385579447589 0.0014287076778726501
58224.35588692306 0.0015289194227032566 0.0016686921555431138
58224.9558869231 0.00675620408821736 0.004423779095645904
58225.0058869231 0.006878372621827046 0.005706887349570808
58225.0558869231 0.013116248663826862 0.004565953943919847
58225.105886923106 0.00502728320065327 0.005649680479167613
58226.15588692317 0.014969511687505578 0.005045206007441739
58226.25588692317 0.016329022199557022 0.004746274740447562
58226.95588692321 0.002149687272480979 0.0022731460746630546
58227.005886923216 0.0036648848520937035 0.004828339421959815
58227.20588692323 -0.00022606609669446832 0.004490784735394815
58227.95588692327 0.003002069631935048 0.0009446303417602387
58228.005886923274 0.0023586539007614694 0.0010606939715593752
58228.05588692328 0.0030212326699319463 0.0010415309962084243
58228.10588692328 0.002864227270708106 0.0008448819545277619
58228.15588692328 0.0031459973067935244 0.0015644727018316686
58228.205886923286 0.0031014247665840243 0.0018514366478589812
58228.25588692329 0.0032893293695716564 0.0029670538005146544
58228.30588692329 0.0035536144868850887 0.0015737369415709864
58228.355886923295 0.0032673124444731324 0.00201102866154824
58228.95588692333 0.0040234956109203275 0.0009951448114789102
58229.00588692333 0.0036038992293746857 0.0015468124606229541
58229.055886923335 0.0036022188676530227 0.0012639250986589432
58229.10588692334 0.0029059932942133633 0.001817472654891728
58229.15588692334 0.003409566605107364 0.0024280881445832153
58229.205886923344 0.0029931557834870794 0.0013255435143831832
58229.25588692335 0.0029874610012079516 0.0013601093301247058
58229.30588692335 0.0035587362362175666 0.001240284480185809
58229.35588692335 0.003342415435985032 0.0012031679665986286
58229.95588692339 0.000931593349143658 0.0016548460012717136
58230.00588692339 0.0015288030853442213 0.0010465239384796485
58230.055886923394 9.584830979107561e-05 0.005740001835697154
58230.1058869234 -0.0001556232602629671 0.00624458126736968
58230.1558869234 0.0021519718156967522 0.005385999058178262
58230.2058869234 0.004038761158225748 0.006602484095145923
58230.255886923405 0.0020156195190090165 0.002098591083524897
58230.30588692341 0.0014914424251556225 0.002576690007081574
58230.35588692341 0.001204254762266969 0.002011674032715785
58230.955886923446 0.0025950317809153227 0.0017261494666385956
58231.00588692345 0.0028268123236807165 0.001351067759840277
58231.05588692345 0.003625399963216623 0.002260784632686608
58231.105886923455 0.0035825895815335108 0.0015997748139872845
58231.15588692346 0.003985156296946002 0.001386174382452091
58231.20588692346 0.003913181619605415 0.0015214467844863844
58231.25588692346 0.004414263389100534 0.0020439685512134024
58231.30588692347 0.004210457734546735 0.0017508975979489223
58231.35588692347 0.004456790353183126 0.001703723819183639
58231.955886923504 0.0004499439828212943 0.0013809881973920123
58232.00588692351 0.0008481301168583022 0.0015454717112679108
58232.05588692351 0.00086713507114345 0.002009516862148919
58232.10588692351 0.0016756097118445937 0.002044793242418662
58232.155886923516 0.0019611111865279174 0.0016342670609880764
58232.20588692352 0.0018928520499381781 0.0022218434526966456
58232.25588692352 0.002224715916387435 0.0019438315179521326
58232.305886923525 0.0025875415250536204 0.0015151383433157396
58232.35588692353 0.00179657870882651 0.002378753107158253
58232.95588692356 0.0017601963041188103 0.0011917714569202014
58233.005886923565 0.0012792842952308381 0.0015158273680109006
58233.05588692357 0.0011327445377057987 0.0012509469640427056
58233.10588692357 0.0008660975131580806 0.0018108597086464427
58233.155886923574 0.0006261677080923023 0.0024067902872980853
58233.20588692358 9.654782603881307e-05 0.00160059627658631
58233.25588692358 -0.00039957654637194553 0.0014501317791452623
58233.30588692358 0.001188098268781706 0.0019240710168178343
58233.355886923586 0.001446384665711426 0.0017955408848097563
58233.95588692362 0.003830388992272433 0.0009550066863158903
58234.00588692362 0.0019919597065622095 0.0014569035027064707
58234.05588692363 -0.0010114784635555595 0.0020050073255260324
58234.10588692363 -0.0005588498156876264 0.004962362853405388
58234.205886923635 0.02801380980243882 0.005873272557865933
58234.25588692364 0.01408686845111061 0.0024392014050548215
58234.30588692364 0.016018600615688747 0.0026998344530276344
58234.355886923644 0.009380432856413701 0.002811232103592829
58234.905886923676 -0.00025150459070721887 0.0006979420998324703
58234.95588692368 -0.00038499615955597973 0.001010550139389822
58235.00588692368 -0.0005063157262603957 0.0016707510811584843
58235.055886923685 -0.0006464504017692297 0.0017582900601379385
58235.10588692369 -0.0010418450551203163 0.0017868734453625659
58235.15588692369 -0.0006960830062009971 0.0017871535161339497
58235.20588692369 -6.374310470946831e-07 0.0014342021544748583
58235.2558869237 0.0006382905323008877 0.0017815193204778978
58235.3058869237 0.00023722279841659313 0.0014023329682955061
58235.3558869237 0.0014015014195336974 0.0020577976075341333
58235.405886923705 -0.00021477975209038824 0.0013170266960700354
58235.905886923734 -0.0007842994627620516 0.0006499426610533093
58235.95588692374 -0.0005136860753960664 0.0011089600358454336
58236.00588692374 -0.00044383585971388803 0.0016291182849775517
58236.05588692374 -0.0008021205087941287 0.0020444105487655456
58236.105886923746 -0.0004700745019549313 0.0014642062744566746
58236.15588692375 -0.000854485409657142 0.0012287078744380718
58236.20588692375 -0.0011937757390902482 0.001742777847839145
58236.255886923755 1.3856468244692752e-06 0.0014975840751593895
58236.30588692376 4.79083383198344e-05 0.0018317597811034162
58236.35588692376 -3.1740009848277295e-05 0.0019670779957077344
58236.40588692376 0.0028971230630987182 0.0014422369988699646
58236.90588692379 -0.0025159421274330443 0.0015744834422707424
58236.955886923795 -0.002737470555568329 0.0012635485179412662
58237.0058869238 -0.0027752525322469546 0.0015602380407384571
58237.0558869238 -0.0008432224004563138 0.001393363720221282
58237.105886923804 8.670080059184792e-05 0.0013634148330124271
58237.15588692381 -0.0001951663253429259 0.0017046654063738835
58237.20588692381 -0.0007698136923324661 0.0016715959760422417
58237.25588692381 -0.000548196311247865 0.001820058634139144
58237.305886923816 -0.0002520176023308202 0.0016681226027608507
58237.35588692382 0.0007105624757252023 0.0020281082674974216
58237.40588692382 0.00016857183454472847 0.0017535226397642361
58237.90588692385 -0.01230031423753968 0.0012007161832912438
58237.95588692385 -0.013282446170651663 0.0033841432844499324
58238.35588692388 -0.009707470964840578 0.001656124197140364
58238.40588692388 -0.009784421097889288 0.0023477748708294766
58238.90588692391 -0.002188713521150015 0.0022366673440610396
58238.95588692391 -0.0007001669914837057 0.0015614220458762787
58239.005886923915 -0.0014069292489952495 0.0013743064825350883
58239.05588692392 -0.001842214008997165 0.0017481673202551084
58239.10588692392 -0.0016862367004984958 0.0015118716658797475
58239.15588692392 -0.0016204932525832926 0.0012993458555950184
58239.205886923926 -0.001919254764606905 0.0015674035823537587
58239.25588692393 -0.0013149167871930045 0.0015830278428442825
58239.30588692393 -0.0017770025580421311 0.001339629681171395
58239.355886923935 -0.0010242620383541204 0.0016638420807718007
58239.40588692394 -0.0008556323723910771 0.002372749861979691
58239.90588692397 -0.005361763274080657 0.00141608195607133
58239.95588692397 -0.0059721653751919224 0.0025354473407426634
58240.30588692399 -0.003855889939389408 0.002220153892290518
58240.35588692399 -0.0043241338980406566 0.002477620280699178
58240.405886923996 -0.003188866514710979 0.001594992824310274
58240.905886924025 0.0005942486502567396 0.0012257695918783335
58240.95588692403 0.00017943808896688632 0.0018878038389734337
58241.00588692403 -6.813312114678282e-05 0.002148361498012901
58241.055886924034 -0.0001495722287779544 0.001914077683268893
58241.10588692404 -0.0004061185623579075 0.0008673594015547515
58241.15588692404 -0.00046599711598014346 0.0013905839328268747
58241.20588692404 -0.0005909686574137729 0.0010477849079093015
58241.255886924046 -0.00033576858722116103 0.0016601022137249582
58241.30588692405 -0.0004976071135404602 0.002747909176638307
58241.35588692405 0.00023658966160984793 0.002060830374359999
58241.405886924054 0.0004906810573637076 0.001554683073827576
58241.90588692408 0.008913244384730278 0.002086292042554415
58241.95588692409 0.008570555567385672 0.002479833699660684
58242.00588692409 0.008770011095284915 0.001956003772516362
58242.05588692409 0.008778571954318661 0.0011070012554382806
58242.105886924095 0.006409048488165935 0.004163229855912086
58242.1558869241 -0.0007318021556864673 0.002228063138516462
58242.2058869241 -0.0025639470218576065 0.0021111504332803604
58242.255886924104 -0.001056689030929504 0.003373065636548308
58242.30588692411 0.0026344135801203167 0.0025733245154742393
58242.35588692411 0.004607072078008027 0.002316047268523654
58242.40588692411 0.005120111213280662 0.002775713909955409
58242.90588692414 0.0009686247252471136 0.0014936853721371427
58242.955886924145 0.00135167677637057 0.0022565479522832594
58243.00588692415 0.0011224612992263383 0.0016560198823816893
58243.05588692415 0.0006422889827837608 0.0019263727337339176
58243.10588692415 0.0009889631748698938 0.0017643408091633942
58243.155886924156 0.00043354441789873976 0.0014136209717159195
58243.20588692416 0.0005890838826420985 0.002395078630528062
58243.25588692416 0.0014170768448038395 0.0026423286767328254
58243.305886924165 0.0009846087418126995 0.0022666736484067153
58243.35588692417 0.0017665185475041773 0.0018105614009308493
58243.40588692417 0.002067829328568467 0.0011326635225316468
58243.9058869242 0.0006148457985269148 0.0030014850020846956
58243.9558869242 -0.00041791006110884304 0.0018299712215925983
58244.005886924206 0.000274416802271169 0.0017098727391370184
58244.05588692421 0.0017218265212003857 0.004525191436382371
58244.10588692421 0.0009577783125889897 0.002982300326271805
58244.155886924214 0.002994479963135182 0.002531499983419163
58244.20588692422 0.0031164118243209023 0.0028315166926661827
58244.25588692422 0.0012567144983838127 0.004949118534121594
58244.30588692422 0.0026308086136159034 0.004580601509917398
58244.355886924226 0.0061094872555017875 0.0031411158327036086
58244.40588692423 0.003460737288784555 0.0020094935482459202
58244.90588692426 -0.0010689969665394013 0.002024987223495325
58244.95588692426 0.002237057556364188 0.0023184467462292906
58245.005886924264 -0.0004314316458473425 0.0029058533756958667
58245.05588692427 -0.000882766112935136 0.00315136527951929
58245.10588692427 0.0005915023470114706 0.0049360670887086825
58245.205886924276 0.001324762862091902 0.005075831809715121
58245.25588692428 0.003995268263300445 0.004283879953936818
58245.355886924284 0.003260169317189008 0.0032263736515519793
58245.40588692429 0.0006802855441845368 0.0024485325165050733
58245.905886924316 0.0005448414087727912 0.001891839982019195
58245.95588692432 0.0005469033412386163 0.002101172851498166
58246.00588692432 0.000590984859384935 0.001506439504401895
58246.055886924325 0.0005766297689244793 0.0015452216625054546
58246.10588692433 0.00137097529574378 0.001525363834025194
58246.15588692433 0.0016595953969638843 0.0014598170164890748
58246.205886924334 0.0013404322813735602 0.002016304661914468
58246.25588692434 0.001959599290206649 0.0024848562947435565
58246.30588692434 0.0017194218269407392 0.002686930761228658
58246.35588692434 0.002484943961793704 0.0015860594617170592
58246.405886924345 0.001722040505682065 0.001771252480873517
58246.905886924374 0.00530263974421501 0.0024663821242356565
58246.95588692438 0.004835650569415448 0.0018886623302790675
