Paper_beta_pic_photometry/Data/binned_BRING.dat
# %ECSV 1.0
# ---
# datatype:
# - {name: time, datatype: float64}
# - {name: flux, datatype: float64}
# - {name: ferr, datatype: float64}
# schema: astropy-2.0
time flux ferr
[from data line 2884]
58400.887161908955 -0.02170133030548774 0.008885935186447693
58400.93716190896 0.009445112031754688 0.006772946439440259
58400.98716190896 0.009212988775229603 0.004505052026843271
58401.037161908964 0.01577049214330391 0.006591129868034329
58401.08716190897 0.004454158112110713 0.0063897569757797945
58401.18716190897 0.006849563233859946 0.0044692371476820906
58401.237161908975 0.00925983416403747 0.004183499974162953
58401.88716190901 0.011876748188870285 0.005997007493952677
58401.98716190902 -0.0017268039830578995 0.007174183491119315
58402.03716190902 -0.0046673839700186156 0.006583843057684144
58402.087161909025 -0.008445490198906789 0.0031584853131538812
58402.53716190905 -0.011984607653998142 0.006992994674126155
58402.68716190906 -0.02010732334408505 0.005166105392851998
58404.53716190917 0.0009904559759716196 0.004875007047067097
58404.58716190917 0.0018951231716645839 0.004284261206947489
58405.337161909214 -0.015291965129221286 0.004657508159182335
58405.48716190922 0.003405464682808636 0.004786284403212359
58405.537161909226 0.0022754559828035512 0.00694374981180658
58405.58716190923 0.007590502501340761 0.0057817928577723445
58405.63716190923 0.010838872141920934 0.005471075122498229
58405.687161909234 -0.00203038540195928 0.004337032505890094
58405.78716190924 -0.036134492687555385 0.007661743192552404
58405.83716190924 -0.02272528756349144 0.008134887984295378
58405.887161909246 -0.021217911682040475 0.005310650190516755
58405.93716190925 -0.030608366070412167 0.004013862604663445
58405.98716190925 -0.023698299388881752 0.006436623744092333
58406.037161909255 -0.012815756396677896 0.006018735771391688
58406.08716190926 -0.0025530704327773788 0.009776937500695047
58406.23716190927 0.008583913514215114 0.006596367001755965
58406.33716190927 -0.02108930509480679 0.008968631049724566
58406.98716190931 -0.00040341904822954744 0.00524816629603116
58407.18716190932 -0.005269246449194354 0.007498133729407329
58407.237161909325 0.008006026633672166 0.004025415703443963
58407.33716190933 -0.01806766445036848 0.004656433169659626
58407.98716190937 -0.015765383236875 0.008391576519789027
58408.03716190937 0.0013552789970098728 0.005175449562325884
58408.087161909374 0.011625983401144869 0.003915164650769152
58408.18716190938 -0.010304891299884919 0.00801738140913477
58408.23716190938 -0.0019004692752400448 0.0075358090926277545
58408.287161909386 -0.004469138868762567 0.00927069551413222
58408.33716190939 -0.010766223628459717 0.0054997107523672645
58408.83716190942 0.004482218626526369 0.005938078869496665
58408.88716190942 0.004753152798634231 0.007404165962536114
58408.93716190942 -0.0246047061999145 0.007766269662906594
58409.03716190943 0.003646069596638213 0.008780289869098824
58409.18716190944 -0.002949334326005304 0.00911048932961069
58409.23716190944 -0.00034728294471209493 0.008090963216793253
58409.287161909444 -0.0063106800868043605 0.009646947296654164
58409.33716190945 -0.011877294484668057 0.003393722277251107
58409.487161909456 -0.01077701985244279 0.006095775494179694
58409.53716190946 -0.0005149521756842792 0.005742880932464879
58409.58716190946 -0.0009728922333885892 0.005254119766766773
58409.637161909464 0.0014761909401474354 0.003874220888024405
58409.68716190947 -0.003014425624164701 0.006221141200011486
58409.987161909485 -0.011823687157964181 0.007124795026628624
58410.03716190949 0.006399995807195461 0.009542711760962783
58410.08716190949 0.016119197583558054 0.003006483353398949
58410.337161909505 -0.010809952115835528 0.00581138724409578
58410.487161909514 -0.008512066554098696 0.0068468705181009195
58410.687161909525 0.00012236083159605782 0.008621531008880719
58410.98716190954 -0.005723629800604257 0.008540878788699701
58411.08716190955 0.016954859756082907 0.0030634756968476473
58411.33716190956 -0.013017518843897291 0.0063166018189269825
58412.33716190962 -0.012708249142499782 0.004958177979715652
58412.48716190963 -0.002729341552896811 0.005090351918614451
58412.53716190963 0.0008689593974278709 0.007192044053385774
58412.587161909636 0.0008036284388947332 0.007737362548043065
58412.63716190964 0.0006868171178993632 0.003009569452318141
58412.78716190965 -0.004997184643514656 0.004479691412629917
58412.83716190965 0.010249003296130663 0.006999640780818782
58412.88716190965 0.00857269855477703 0.006501556755894448
58412.93716190966 -0.012941987508120636 0.005914383801363407
58412.98716190966 -0.006282416864374021 0.009601828618923603
58413.03716190966 0.009361711293596657 0.004622742227258476
58413.087161909665 0.005688424815291837 0.004200997969255539
58413.48716190969 0.0024228447390705304 0.005291683915214625
58413.53716190969 0.0092852597814456 0.005772164257049569
58413.587161909694 -0.002818774799723827 0.005211095486340794
58413.6371619097 0.005876963553497905 0.004226973419456856
58413.6871619097 -0.002514559769542518 0.007887963313108128
58413.88716190971 0.011128891908440932 0.008670232798952453
58414.08716190972 0.002824855392212622 0.003722633533978053
58414.18716190973 0.010059957699331157 0.007911491996537094
58414.23716190973 0.012328037596388659 0.004889573281210074
58414.33716190974 -0.009530816616470632 0.003508651166104325
58414.48716190975 0.005255060640017597 0.006807447935403401
58414.637161909755 0.005225014302238677 0.003185371972633241
58414.68716190976 0.005541680558450224 0.002048336881199252
58414.787161909764 -0.012389593529987641 0.004015569336290756
58414.93716190977 -0.022353592262996567 0.007940968811935869
58415.03716190978 0.019019511876862537 0.003125465632705385
58415.08716190978 0.009435486147421646 0.004264773605478342
58415.18716190979 0.01001825548873861 0.006106025516506974
58415.23716190979 0.01415310723056382 0.005274933824172501
58415.28716190979 -0.0012235813964946638 0.008208322062752607
58415.337161909796 -0.009538523538810522 0.005126528235930293
58415.58716190981 -0.011979706620358093 0.0080522640400751
58415.63716190981 -0.006473861921915467 0.00495213827350076
58415.68716190982 -0.007703087667718205 0.00928700620414892
58415.93716190983 -0.006082447794274777 0.0073454631312200695
58416.03716190984 0.024728612109174184 0.005463749577934456
58416.08716190984 0.007796139338718122 0.002513759991715898
58416.187161909846 0.004100478401896714 0.008100607694921833
58416.43716190986 -0.0059683403900909066 0.007532684639764696
58416.48716190986 0.005476201466713023 0.0036457051656562395
58416.537161909866 0.005245819125888935 0.005157579446048403
58416.58716190987 -0.0012259594244070132 0.004432528959670813
58416.73716190988 -0.003197046811772658 0.00994645300228021
58416.93716190989 -0.0035460091090474067 0.005663139526370735
58417.037161909895 0.017952924246304902 0.008341641735706135
58417.0871619099 -0.002358299055060489 0.0028460831943333833
58417.187161909904 0.00212886254984032 0.009547864646077887
58417.23716190991 0.008940151539489273 0.008559913579396552
58417.33716190991 -0.012399616604906979 0.0046414885849887354
58417.43716190992 -0.013949004958195205 0.00868984408317193
58417.48716190992 -0.0028122604442549055 0.005756376291011326
58417.537161909924 0.002307685983786714 0.005264430171824268
58417.58716190993 -0.0003019069931416588 0.003919133856983614
58417.63716190993 0.005703447803445312 0.002436065724723894
58417.68716190993 0.0003690534128902763 0.009534454516954853
58417.93716190995 0.003662524319918029 0.004266535361116563
58417.98716190995 0.018425398474359096 0.008396004092735705
58418.03716190995 0.01261802082783871 0.007763909239139127
58418.087161909956 0.0030071553364782056 0.004218391491750365
58418.43716190998 0.007051794717304327 0.005008135090525006
58418.78716191 -0.000727443191741942 0.006332122071307496
58418.83716191 0.014759448160032402 0.003035815088797426
58418.88716191 0.012857911982709873 0.00837070614488702
58418.937161910006 0.004682447902005423 0.004961520751062701
58418.98716191001 0.022975189241115 0.005078429877475826
58419.087161910014 -0.002242631067356301 0.004115744941468462
58419.33716191003 -0.015436368601684866 0.004789788589975397
58420.487161910096 0.01213579087311726 0.006650251653695971
58420.5371619101 0.009959179227568452 0.007782488962769527
58420.5871619101 -0.0010496470112997655 0.004677709984791699
58420.637161910105 -0.005108700979537885 0.0038268366972626848
58420.68716191011 -0.01027698697223129 0.00488510949363074
58420.837161910116 0.023967159849537165 0.005061375190779277
58421.43716191015 0.0060894875735924 0.009826037679403281
58421.487161910154 0.017656535573098226 0.004581364517605103
58421.53716191016 0.011495801470566417 0.008199178439640499
58421.58716191016 0.0009261489619080965 0.003055255061168278
58421.63716191016 0.006772345876299245 0.006752661865069055
58421.837161910174 0.014490361377304372 0.008584135989666078
58421.98716191018 -0.03510899028968094 0.006256890798156817
58422.08716191019 0.010654776069664973 0.0034573824307693626
58422.43716191021 0.0017749476421604028 0.006472687003450462
58422.48716191021 0.012190620391755173 0.004594797480715093
58422.537161910215 0.008007482283424728 0.004167149213886432
58422.58716191022 0.007175001198049813 0.004598861724759378
58422.63716191022 0.010288931407581137 0.006830820605330887
58422.78716191023 0.009423523615303651 0.009100029543569423
58422.98716191024 -0.01959298864012447 0.006342552781166332
58423.08716191025 0.007381123028612158 0.0031671667103678625
58423.33716191026 -0.01413165058575907 0.00812999491350185
58423.53716191027 0.016714113903778305 0.0083524247291168
58423.587161910276 0.01003760347564683 0.007665365094541088
58423.83716191029 0.013199439053324038 0.007712871927887657
58423.9371619103 -0.022899201274436787 0.007121910175374965
58423.9871619103 -0.009589556578337129 0.007562822017712135
58424.0371619103 0.011552911397921726 0.009913897634017111
58424.087161910305 0.015547968635080428 0.0038219392330924
58424.83716191035 0.02486679113530932 0.005763547161556666
58424.88716191035 -0.002629741447797963 0.009369923907781661
58424.98716191036 0.020881789161835584 0.006379346749357638
58425.087161910364 0.013928835822028862 0.004034264584663541
58425.18716191037 0.013395356477232001 0.00558171779923991
58425.23716191037 0.010735156156898799 0.005398510480622532
58425.287161910375 0.004366648095345717 0.004676507994061383
58425.33716191038 0.0026623451336675974 0.0034464629775645267
58426.137161910425 0.005635100018628658 0.003488010545897406
58426.18716191043 0.009153951633404074 0.0041460449127937405
58426.23716191043 0.009005718635056054 0.005475176583051586
58426.28716191043 0.00506752101841949 0.004381607627268914
58426.33716191044 0.001629323460793014 0.0035423165633020532
58426.487161910445 0.019394656074594008 0.009481213443609103
58426.58716191045 0.014393343965208126 0.005747388108859219
58426.637161910454 0.02509717571056005 0.004103529033529211
58427.13716191048 0.009389565988071724 0.002980322660317934
58427.187161910486 0.01097493590429898 0.002626388009285764
58427.23716191049 0.0079058089389521 0.006476680300106028
58427.28716191049 0.002262979863932777 0.0056209203289720264
58427.337161910495 -0.00010191791361897628 0.004086682402018326
58427.93716191053 -0.03571845453598058 0.008480642016848935
58427.98716191053 -0.03596933742456339 0.00919156403565891
58428.08716191054 0.008992832331847651 0.0034298244607094313
58428.13716191054 0.01318352485460885 0.0053623254037295535
58428.187161910544 0.012431387234432045 0.0024693220172608216
58428.23716191055 0.008691795106061061 0.007371321095252066
58428.28716191055 0.0015410222046539199 0.005320953123762136
58428.33716191055 -0.0006713645638738873 0.0031380906486692213
58428.78716191058 0.015899779756352855 0.006681854877698203
58428.887161910585 -0.02541279743179399 0.0052722153097306745
58428.93716191059 -0.01689521581903049 0.006224473602894011
58429.1871619106 0.011481217860536087 0.005474401863643557
58429.237161910605 0.007491773311829189 0.009802242790161073
58429.28716191061 -0.004371936491732227 0.007110487968043494
58429.33716191061 -0.004308055218614949 0.004603125449680123
58429.78716191064 0.016920191988972964 0.008947958529035004
58429.98716191065 0.01296922264084083 0.004617573215458418
58430.03716191065 0.021323542472185597 0.003030977922741702
58430.087161910655 0.013566192823548364 0.0018498832016889007
58430.13716191066 0.0140364951308142 0.005628993226632339
58430.18716191066 0.011474434754758737 0.004962449055882692
58430.287161910666 -0.0013502376868168363 0.007920158125797638
58430.33716191067 -0.0033665167196554203 0.004787216278826582
58430.437161910675 -0.004083533503751948 0.005336573491639033
58430.53716191068 0.008816528722483952 0.004012715140058776
58430.587161910684 0.008842257162122879 0.0054307184134235725
58430.8871619107 -0.024590593029384464 0.00946795991610227
58430.98716191071 0.020495543179138407 0.0033277572764647836
58431.03716191071 0.019031335324663647 0.004711973108620307
58431.08716191071 0.012477877970598664 0.0025137338004665387
58431.137161910716 0.012316912204482318 0.006416530969765055
58431.18716191072 0.012907934604953476 0.005351842793814149
58431.287161910725 -0.0009059109667789088 0.00815843102309279
58431.33716191073 -0.001563245904447039 0.00530824244741812
58431.487161910736 0.004698369473523885 0.008740183820379947
58431.53716191074 0.004892037004740307 0.004972562249047631
58431.58716191074 0.01469339977501134 0.0046715945091268226
58431.83716191076 0.02419380579710828 0.008890159789858599
58431.88716191076 -0.0028225403937988274 0.007782016801904829
58431.987161910765 0.034235838018128475 0.0034183733862162414
58432.03716191077 0.0199639994043728 0.005216364374221615
58432.137161910774 0.01104178994682622 0.003430390611321178
58432.18716191078 0.011857223572663963 0.002057492696758956
58432.23716191078 0.0016386155154880326 0.004469788379393171
58432.28716191078 0.0021382648951265935 0.003124467794649793
58432.337161910786 -0.002539119392066088 0.002311063345632959
58432.43716191079 0.005495647444489362 0.007408223415789928
58432.487161910794 0.012599440667972013 0.008512272525690001
58432.5371619108 0.003910257156475339 0.006267127448561857
58432.5871619108 0.0165859151223045 0.005189563704957547
58432.78716191081 0.03192744838750777 0.009122280057830251
58432.837161910815 0.02625687460664165 0.006410635220618377
58432.88716191082 -0.0017378313585831148 0.0071212756503754426
58432.98716191082 0.02726453084575114 0.004239433069548085
58433.03716191083 0.01808820752606404 0.005125024875377472
58433.08716191083 0.015873195850509038 0.00389969321195959
58433.13716191083 0.009692396890799196 0.0028213062717628145
58433.187161910835 0.01258097044141494 0.0026745196926000483
58433.43716191085 0.00894622655774722 0.0076378232310532765
58433.48716191085 0.01606886881253522 0.00424453573426839
58433.537161910856 0.010017852602539496 0.0032519007257722746
58433.58716191086 0.022396507207952075 0.006242114808235202
58433.78716191087 0.03196934860233785 0.008833121513830295
58433.887161910876 0.007083126227380205 0.00872534449552003
58433.98716191088 0.03378787102016972 0.00669473850566269
58434.037161910885 0.019093145631174667 0.005118291978500702
58434.2871619109 0.005250477027689215 0.0015754953178848622
58434.537161910914 0.003576137450636771 0.00793503296759677
58434.58716191092 0.018947603671217637 0.0062927511256022995
58435.13716191095 -0.0042026873343807706 0.007868599953080358
58435.18716191095 0.003637166985047703 0.003905061029475215
58435.237161910954 0.00874844942974705 0.008301467265084876
58435.33716191096 -0.0021596049264390182 0.006766973946240289
58436.13716191101 0.004908263214319368 0.0035091695327712194
58436.18716191101 0.008641186192681168 0.0047740961995183144
58436.23716191101 0.005504447171339015 0.0054170029814409925
58436.287161911016 0.0040094855271194385 0.004639959735349323
58436.33716191102 0.0005849376141151344 0.003495067688626355
58436.58716191103 0.01752588426116869 0.0035858086567305924
58436.88716191105 -0.014911035186887816 0.008405012866484663
