Paper_beta_pic_photometry/Data/binned_BRING.dat
# %ECSV 1.0
# ---
# datatype:
# - {name: time, datatype: float64}
# - {name: flux, datatype: float64}
# - {name: ferr, datatype: float64}
# schema: astropy-2.0
time flux ferr
[from data line 8142]
59811.98716199109 -0.01924591790140127 0.0029978929684543977
59812.037161991095 -0.01912559963057012 0.004545009603509537
59812.0871619911 -0.03217801473469206 0.006550764154173059
59812.1371619911 -0.05025523711245571 0.004868530922736179
59812.93716199115 -0.017131253606175012 0.007425691994150261
59812.98716199115 -0.011283735994649078 0.004120646088927088
59813.03716199115 -0.007660490238506046 0.0036624530851030266
59813.087161991156 -0.020841351707388815 0.008972661721032227
59813.13716199116 -0.03785450299694714 0.005171838531575055
59814.13716199122 -0.023974414286715262 0.004761429422924228
59814.93716199126 -0.030752568849497158 0.006447095732414101
59814.98716199127 -0.025903706692809742 0.003805545317493299
59815.03716199127 -0.022126877660236417 0.008660302787028243
59815.08716199127 -0.017126026245182148 0.0038383429637356757
59815.137161991275 -0.02395328284751974 0.001448927011607027
59816.08716199133 -0.0383021248064158 0.007069935426648689
59816.93716199138 -0.014845759286222365 0.0014392695889322972
59817.93716199144 -0.024459268830647685 0.004810872511624879
59817.98716199144 -0.01699192047144367 0.002900172077116574
59818.037161991444 -0.025238974070781215 0.005529474636453659
59818.13716199145 -0.05469582444943057 0.006711705321670955
59818.33716199146 -0.0263490116440771 0.003190539888365227
59818.387161991464 -0.028778357188159787 0.005267014052116684
59818.9371619915 -0.017293758716882237 0.006885625656323826
59818.9871619915 -0.014634476029608604 0.0021164065555522283
59819.0371619915 -0.010384285744571311 0.004691855252844817
59819.087161991505 -0.033314253667898336 0.007816713915313937
59819.13716199151 -0.037758609264926336 0.00504398844816105
59819.33716199152 -0.024303809388519417 0.004928441481667798
59819.38716199152 -0.030003696731860565 0.006646607555330881
59819.937161991555 -0.025370886172860357 0.005046336780231966
59819.98716199156 -0.020344064815071405 0.007217231200230133
59820.08716199156 -0.047033150666333914 0.00906752282201755
59820.137161991566 -0.0489152940759061 0.006928550867268712
59820.33716199158 -0.024286463899249856 0.005379955044421727
59820.38716199158 -0.030520521845431837 0.005933649429147675
59821.28716199163 -0.024332316458148463 0.005187876926526243
59821.337161991636 -0.027446945042441148 0.0035945966783668105
59821.38716199164 -0.03209260585044101 0.004772682348687701
59821.93716199167 -0.02294138727468137 0.007207766338537132
59821.987161991674 -0.022835596654844303 0.005819864470013461
59822.337161991694 -0.029666019072573775 0.004015430637967904
59822.3871619917 -0.03067507426162447 0.00604473496636146
59823.13716199174 -0.024791319792408784 0.006002355548374137
59823.33716199175 -0.03409774855996797 0.00566495921106043
59823.387161991755 -0.033895548973577945 0.006973555108113058
59823.98716199179 -0.04779653347066553 0.007470860045135565
59824.03716199179 -0.02094433472300736 0.009773753287610036
59824.087161991796 -0.018022472989877043 0.004790056154031279
59824.1371619918 -0.020126416349733927 0.00533054748295577
59824.28716199181 -0.025141583998872716 0.00810066892534812
59824.33716199181 -0.02564861792113913 0.004409344449048942
59824.38716199181 -0.028313530672110808 0.005121822110547443
59824.98716199185 -0.01416544958872495 0.0046791020986748245
59825.03716199185 -0.021467262244207183 0.00783273124866788
59825.087161991854 -0.04921960375521382 0.009791494237735345
59825.13716199186 -0.04033425937669318 0.007065727116192306
59825.287161991866 -0.02478009316613139 0.0053666965306989976
59825.33716199187 -0.02164480198786226 0.005952262728551983
59825.38716199187 -0.02835815380207973 0.006178186034595555
59825.937161991904 -0.02273315512638307 0.005936959332265239
59825.98716199191 -0.0038099474521105983 0.007741483408565603
59826.03716199191 -0.00503771872368581 0.008014166245696867
59826.08716199191 -0.030447202252500697 0.005641970388492293
59826.137161991915 -0.028225674808860252 0.0031892979221310146
59826.287161991924 -0.013083574687484514 0.003991240887473741
59826.33716199193 -0.016032573195578062 0.005581627350045283
59826.38716199193 -0.021559511071357215 0.004822138392883865
59827.28716199198 -0.007965137686224652 0.0093192086451079
59827.337161991985 -0.008575033529919887 0.005397849912163381
59827.38716199199 -0.01739818015904062 0.004713113330834613
59827.98716199202 -0.02555333469608526 0.003545860569080913
59828.037161992026 -0.027034732083231233 0.007974881444313976
59828.08716199203 -0.04415222257057022 0.005795299664374805
59828.13716199203 -0.031033653318769408 0.006519174863326197
59828.33716199204 -0.014239938898929685 0.005913467088168601
59828.38716199205 -0.01742025204481932 0.0025323632016623376
59828.93716199208 -0.0152009510870196 0.0048855689538666175
59828.98716199208 -0.006965073884810491 0.003483424450912892
59829.037161992084 -0.01895473883488232 0.009495663387182707
59829.08716199209 -0.033874776240412685 0.0050511290305898255
59829.13716199209 -0.013491694179653665 0.006406044529161067
59829.2871619921 -0.02179290254389483 0.005244104380236367
59829.387161992105 -0.016833271899384245 0.0036097108615153824
59829.93716199214 -0.01690239726596034 0.007665609342272164
59829.98716199214 -0.0020859703253369635 0.006030142453818175
59830.03716199214 0.00450609670754365 0.00863303360298907
59830.087161992145 -0.010015296885906513 0.004237208004109076
59830.13716199215 -0.001960269042720217 0.0030175243568681355
59830.9871619922 0.002623342763840369 0.007045593891108729
59831.0371619922 0.0005309977618104427 0.008374985189319784
59831.0871619922 -0.015638581510145497 0.003799261090710021
59831.13716199221 -0.007537697721021558 0.0021799169323971535
59831.38716199222 -0.01847250360812766 0.0055894636181191264
59831.93716199225 -0.014015382353498768 0.004918209437283847
59831.987161992256 0.0005165435722205847 0.005180927395069643
59832.08716199226 -0.019251710425221478 0.004968429666949565
59832.137161992265 -0.012842062304534376 0.0030373886085420902
59832.93716199231 -0.027056806381708393 0.007934381430374476
59832.987161992314 -0.012759761282630754 0.007704945819961594
59834.13716199238 -0.038884228959042644 0.0033673739327379835
59834.28716199239 -0.015047296532878847 0.008251117058590019
59834.33716199239 -0.015456534600136212 0.003911178902786458
59834.387161992396 -0.01822673375627754 0.0036886418844708016
59834.887161992425 -0.029334353147004943 0.008850084511160808
59834.93716199243 -0.0234025621193734 0.005252357247114171
59834.98716199243 -0.013174070658678665 0.0057738157128997426
59835.03716199243 -0.017384237549884076 0.009291486934995428
59835.08716199244 -0.027896134179467673 0.00477994017120203
59835.13716199244 -0.019410378446366967 0.0027676144085357086
59835.28716199245 -0.012647376234893233 0.00660299541524805
59835.33716199245 -0.010614114992943331 0.002290285674471095
59835.88716199248 -0.03406143510775324 0.003991503933893769
59835.937161992486 -0.0240327981539612 0.005610193455831314
59835.98716199249 -0.008467523472150986 0.006240854446156821
59836.03716199249 -0.012551428467815472 0.006865941215960204
59836.087161992495 -0.02037537807531146 0.003582790918638658
59836.1371619925 -0.01437089135397096 0.002498025615227957
59836.287161992506 -0.017044678580089696 0.0056500845988022175
59836.33716199251 -0.019807576607761786 0.00469533380219547
59836.38716199251 -0.019374255952968163 0.004419609208636341
59836.88716199254 -0.03374623122621012 0.008172467557273718
59836.937161992544 -0.037165434232496075 0.0035834383737611917
59837.03716199255 -0.008459614965150361 0.0043065198623303495
59837.08716199255 -0.014001004008572857 0.0035574062168380115
59837.137161992556 -0.011461917477425452 0.0018407594116159414
59837.287161992565 -0.01217652810977173 0.006246016453143136
59837.33716199257 -0.016671597984798836 0.007185489376769222
59837.38716199257 -0.01888210526809073 0.0045626153341000305
59837.9371619926 -0.046747268988906035 0.009708725958343788
59838.03716199261 -0.0064631815271483884 0.004566715492068983
59838.08716199261 -0.010305726233419913 0.0025847798282959094
59838.137161992614 -0.009837374426861945 0.0021762964291831017
59839.08716199267 -0.02164480339333043 0.0034923962015654232
59839.13716199267 -0.021717639246385145 0.0028539302899770816
59840.33716199274 -0.015234681715347002 0.00221750802236053
59841.88716199283 -0.023127711091182775 0.006597208489373246
59841.937161992835 -0.022445935196003526 0.0017199225092193017
59842.287161992856 -0.020099702578434235 0.00808381428475576
59842.33716199286 -0.021237952220982584 0.00395370838787526
59842.38716199286 -0.019260247032710436 0.0032318238849809804
59842.88716199289 -0.015358560968571515 0.004343772270346222
59842.93716199289 -0.01324449987806553 0.0048240776175804264
59842.987161992896 -0.016273126857460313 0.008961225524510872
59843.0371619929 -0.03579487015986081 0.006120365591999222
59843.0871619929 -0.02723680668241086 0.007592252687107485
59843.137161992905 -0.019841270394135885 0.0018727631770926582
59843.287161992914 -0.02208487470102603 0.0037287653989144767
59843.33716199292 -0.023050409290327915 0.004321977117873374
59843.38716199292 -0.022885688054069653 0.00422281173573528
59843.88716199295 -0.01694430605796166 0.005261100331705775
59843.93716199295 -0.012960381477213779 0.006085017760867474
59843.987161992954 -0.0066875714867030145 0.0068171100244411795
59844.03716199296 -0.01879127884919856 0.006352127786944708
59844.08716199296 -0.01236830062919471 0.00495756735705271
59844.13716199296 -0.009812272270250666 0.0016165258820950046
59844.23716199297 -0.015098927381507265 0.001999167208687369
59844.28716199297 -0.015146518878945343 0.004315081676613609
59844.337161992975 -0.019227785548907594 0.0043953744602360165
59844.38716199298 -0.023087260790595445 0.0029535972710391665
59845.23716199303 -0.008932754762424704 0.00978893445195923
59845.28716199303 -0.012972820121794374 0.008081693399562051
59845.33716199303 -0.017443866774150912 0.004542474161232019
59845.387161993036 -0.023108303094974136 0.006203476887637387
59845.98716199307 -0.010489385721097628 0.007112605526082054
59846.237161993085 -0.015417063523838278 0.0034086382515110154
59846.28716199309 -0.013715485476144623 0.0024509408494354243
59847.237161993144 -0.022339449432230898 0.0072528286893040065
59847.28716199315 -0.01958512775347474 0.0037475463658151555
59847.33716199315 -0.02125180629129758 0.0027069110640607027
59847.38716199315 -0.02041468815465708 0.006082246091214099
59848.2371619932 -0.016436405177915378 0.0055327656049316155
59848.287161993205 -0.01827648021604909 0.0041181583088027805
59848.33716199321 -0.02061599610734994 0.0022552325744697363
59848.38716199321 -0.02396978338882505 0.003262659520369552
59848.88716199324 -0.015110769982618717 0.008494919557075677
59848.93716199324 -0.01277278674401863 0.004464462398028608
59848.987161993246 -0.02039539544164847 0.007276829562770663
59849.03716199325 -0.03664097904442309 0.005353916150842162
59849.08716199325 -0.02100889194928931 0.005957438485652433
59849.28716199326 -0.01615154355461553 0.004536339160982915
59849.337161993266 -0.01975533655544362 0.003615021714105505
59849.38716199327 -0.022139182093236537 0.0013582940811506306
59849.9371619933 0.007873146078186732 0.005265619566812241
59849.987161993304 0.00028728972394496635 0.009647899282144792
59850.03716199331 -0.011412135439716939 0.007402142534621457
59850.08716199331 -0.004540991827741277 0.008499581917690145
59851.037161993365 0.0035518513087987452 0.0065149564021627785
59851.08716199337 0.0033947641799880906 0.006437672223615995
59851.23716199338 -0.011171524838857546 0.006398364156971589
59851.28716199338 -0.01638069173468921 0.005035956055907745
59851.33716199338 -0.020937309997179052 0.0045156398942559905
59851.387161993385 -0.02712063975650738 0.003366052127645835
59852.237161993435 -0.009461047187974919 0.008326585652097991
59852.28716199344 -0.013737602902010987 0.005049453838704973
59852.33716199344 -0.020603744395510673 0.007995042357366323
59852.38716199344 -0.024874933374357977 0.004115503006952927
59852.83716199347 -0.02659077363705392 0.008780334712051375
59852.88716199347 -0.016999541817566903 0.004243187015257781
59852.937161993475 -0.0033957745378122572 0.003858774459861917
59852.98716199348 -0.012436592950938949 0.004005730945258037
59853.23716199349 -0.012365993038844263 0.006758253918971026
59853.287161993496 -0.016649986099027316 0.004076771237904605
59853.3371619935 -0.021015134525039263 0.0025024556880568305
59853.3871619935 -0.02448268949615298 0.0038713638589465593
59853.88716199353 -0.0106813384949815 0.005446533278275054
59853.937161993534 0.0032633760648433418 0.005850517881314453
59853.98716199354 -0.002900799965077313 0.004233559566040996
59854.03716199354 -0.003805894114673375 0.004083822975586916
59854.08716199354 0.0014320998046138797 0.0028891383946378977
59854.23716199355 -0.015836508423173967 0.005713636659365518
59854.287161993554 -0.010482409620818266 0.005749747259435796
59854.33716199356 -0.01714435263081184 0.005013979120384085
59854.38716199356 -0.02202379957003055 0.003023730209416583
59854.837161993586 -0.01977881596183763 0.0075339269003676995
59854.88716199359 -0.011658397132083822 0.004102942830059337
59854.93716199359 -0.008704928680824509 0.007339886564728319
59855.23716199361 -0.014819118888485609 0.007031630992193683
59855.28716199361 -0.010232525626783232 0.004991287183549822
59855.337161993615 -0.015453160447785105 0.005108268161726385
59855.38716199362 -0.02115534086488642 0.006656078033262216
59856.8371619937 -0.02312818507922382 0.007929747321657882
59856.887161993705 -0.007940656371176271 0.0052465519464870115
59856.93716199371 -0.009066899365136383 0.005257185216814524
59856.98716199371 -0.026245473624640674 0.005872648395527685
59857.037161993714 -0.02122226969360435 0.0078690019875723
59857.08716199372 -0.0019664619498117 0.0042473741752983045
59858.237161993784 -0.008797514043046427 0.005855035121436406
59858.28716199379 -0.006816035772561663 0.006764762030252072
59858.33716199379 -0.012183093621615173 0.006995077632587201
59858.38716199379 -0.012023026701673323 0.0049297686936697485
59859.287161993845 -0.00897163507554738 0.0061667135822403
59859.33716199385 -0.014140608656977987 0.005827963257765183
59859.38716199385 -0.015280628166915963 0.005790832874008788
59859.83716199388 -0.009463693284560426 0.004851332635725079
59859.987161993886 -0.010362358196343355 0.006094591780956788
59860.03716199389 -0.001921497130134921 0.007275571279950606
59860.08716199389 0.004230719941508331 0.0029228644466632774
59860.2371619939 -0.0006505036211617775 0.003827417649677102
59860.2871619939 -0.0025959458254401894 0.0074932355169221735
59860.337161993906 -0.015076752581635067 0.005294541314861513
59860.38716199391 -0.015385481636473186 0.006885979434639849
59860.837161993935 -0.014597083670467664 0.006412659118503879
59860.88716199394 -0.0043678420955292774 0.005978797385227873
59860.93716199394 0.011946076189332567 0.008708936070732727
59860.987161993944 0.014193130087105274 0.004111146521161965
59861.337161993964 -0.012930767141338813 0.0056577433025969655
59861.38716199397 -0.013498510811025849 0.0071930918876287
59861.937161994 -0.04957506172473659 0.008720311331466243
59862.23716199402 -0.004792847557029116 0.008870247517547777
59862.28716199402 -0.0059779607821444465 0.002185140498170816
59862.33716199402 -0.009869821848661014 0.007200898967530983
59862.387161994026 -0.010003241142834296 0.007255559368383653
59863.28716199408 -0.008733769683027609 0.006090409028959845
59863.33716199408 -0.013335831150177368 0.0027531245133247126
59864.23716199413 -0.0021960209130224167 0.0035408386342757905
59864.98716199418 -0.048870746493615 0.006502215865076468
59865.03716199418 -0.046911264910481594 0.004471569232253584
59865.18716199419 -0.02009226246040046 0.003365615434936885
59865.23716199419 -0.003714600107610086 0.007212943045818826
59865.287161994194 -0.006267308339497265 0.005316908475746915
