Paper_beta_pic_photometry/Data/binned_ASTEP.dat
# %ECSV 1.0
# ---
# datatype:
# - {name: time, datatype: float64}
# - {name: flux, datatype: float64}
# - {name: ferr, datatype: float64}
# schema: astropy-2.0
time flux ferr
57842.10588690081 0.0030099926173567937 0.0017357517442896499
57842.155886900815 0.006936630487105282 0.003884478988173239
57842.20588690082 0.0043496404186430665 0.0024246248122295594
57844.055886900926 0.0030889915574982218 0.0018184285612829227
57844.10588690093 0.00327083641758258 0.0010834566733397165
57844.15588690093 0.0032796517590036596 0.0011527340752397015
57844.205886900934 0.003474611398507073 0.0014762118996628655
57844.25588690094 0.0037123891795811438 0.0011625464048025155
57845.055886900984 0.002978674688779318 0.0008785435180722019
57845.10588690099 0.002800546838096062 0.000599136179291876
57845.15588690099 0.002644323673755797 0.0008116665545986562
57845.20588690099 0.0028909434591469917 0.0012949108591782442
57845.255886900995 0.0020413146183268006 0.002072216771068806
57846.05588690104 0.003200967044117986 0.0010057207650220263
57846.105886901045 0.002153701719376011 0.001852963927998116
57846.15588690105 0.0023777798837201908 0.002833568934697343
57846.20588690105 0.0033635053140487086 0.0026018173813637233
57846.25588690105 0.001574540895711872 0.0026992030199616845
57847.0058869011 0.0020402697675867 0.001375213727639175
57847.0558869011 0.007470226772432095 0.0022151851070021196
57847.1058869011 0.007471852729968534 0.0020415313911961515
57847.155886901106 0.0019848204711620018 0.002170135590648336
57847.20588690111 0.0013370205253820126 0.0030341380634731395
57847.25588690111 0.0013500553291267328 0.003478215772666143
57847.305886901115 0.003528792705860669 0.0033985408231209375
57848.005886901155 0.0011519682166406975 0.0018074129396476728
57848.05588690116 0.0017509909187094289 0.0013542250303101855
57848.10588690116 0.002315793874563173 0.0009566003711634143
57848.155886901164 0.0027190794216202644 0.0021341642078502045
57848.20588690117 0.003138263568708388 0.002122525825095889
57848.25588690117 0.002273577002144596 0.0019049023919412151
57849.005886901214 0.004174419658057571 0.0010176434523776238
57849.05588690122 0.004670202259394234 0.0013482801879244359
57849.10588690122 0.005489304095333089 0.0021057673124918242
57849.15588690122 0.006009275960122899 0.0026737502995370396
57849.205886901225 0.004264822553955518 0.0023147619866465273
57849.25588690123 0.004466253651998329 0.0025043957945823318
57849.30588690123 0.003738194706941802 0.0030197372868772756
57850.00588690127 0.0018958536224086674 0.002648267972358151
57850.055886901275 0.0027608603386837078 0.0018894599466017696
57850.10588690128 0.002858651086829379 0.0015974172870701258
57850.15588690128 0.0028425996569822064 0.0018061025145671029
57850.20588690128 0.002699113433455322 0.0020470430767484315
57850.25588690129 0.002235462280986797 0.0027038137039254754
57850.30588690129 0.003404643488694618 0.0023886052755303596
57851.00588690133 0.0018203316272276115 0.0014741245844806488
57851.05588690133 0.0012809558593503123 0.000962762472318056
57851.105886901336 0.0027174434810572547 0.001539440332835849
57851.15588690134 0.008396502061904718 0.005041724161136656
57851.20588690134 0.006945794102054023 0.0037954135339314378
57851.255886901345 0.005607954412814828 0.0024615572145103566
57851.30588690135 0.003286556445443199 0.001908684978944521
57852.00588690139 0.002903250710950258 0.001050342886042675
57852.05588690139 0.0020787539581543367 0.0011160334399577553
57852.105886901394 0.0026085602185337447 0.0014116788819840114
57852.1558869014 0.0019978277327681545 0.002097947443991014
57852.2058869014 0.0017652669545661914 0.002003671044683239
57852.2558869014 0.0013441342084186277 0.0016818743687496446
57852.305886901406 0.0023566290330025537 0.0021836334268641074
57853.00588690145 0.0008484837884826907 0.0010496121829485351
57853.05588690145 0.0012706706857169472 0.001092654422569077
57853.10588690145 0.0005708912744278987 0.0014356601640462337
57853.155886901455 0.000832404802301713 0.0026485779187628
57853.20588690146 0.0014029648486177813 0.0025231695849529967
57853.25588690146 4.504762881862625e-05 0.0015002655597051973
57853.305886901464 0.0003664609634782747 0.0017505293806008284
57854.005886901505 0.0012235654860119568 0.0013425422177120463
57854.05588690151 0.001172113135586725 0.0018563131195056593
57854.10588690151 0.0023937945653687404 0.0016819060830274995
57854.15588690151 0.0013754010761793402 0.0014338818672258661
57854.205886901516 0.004260984597739164 0.004788063516432547
57854.25588690152 0.001734378938595423 0.001461305083049073
57854.30588690152 0.0017293029260234162 0.0019968362642766363
57855.00588690156 0.0007282578522264223 0.00169358999397309
57855.055886901566 0.0005119845220940118 0.0019093727101488704
57855.10588690157 -0.0013085705695422179 0.00220722688810272
57855.15588690157 -3.333308619360018e-05 0.0013991984463574694
57855.205886901575 0.0014099028231760729 0.0016079507691124115
57855.25588690158 0.0008183785679363037 0.0013554323626938324
57855.30588690158 0.0010144394455397937 0.0010408332660450958
57856.00588690162 0.0029766337299454576 0.0018401212963383303
57856.055886901624 0.0014599238554749243 0.0015809342126794606
57856.10588690163 0.00256125833143628 0.0024402911482953667
57856.15588690163 0.0019262294463518218 0.0018543505055739569
57856.20588690163 0.0008336903707273229 0.0018046481014902154
57856.95588690168 0.005535785041066443 0.005070343069354703
57857.00588690168 0.00017009430928892878 0.0053277490366021455
57857.105886901685 -9.579623451115571e-05 0.0028996960378111993
57857.15588690169 -2.1629720265128233e-05 0.0025682339580248834
57857.20588690169 -0.0008519932036617121 0.0020585240505723254
57857.255886901694 -0.00013462816932370642 0.0014934059558343717
57857.3058869017 0.0002207780042222549 0.001923525365854968
57857.3558869017 -0.0005787576759211932 0.0025711836295802272
57858.25588690175 0.0008925888922618875 0.0020363715343382862
57858.305886901755 0.0004856338424042798 0.002424300050051848
57858.35588690176 -0.0003059207301958781 0.001702498511095794
57858.95588690179 0.004113904122890081 0.0013726443956643985
57859.005886901796 0.003864884187888688 0.001712352059864529
57859.0558869018 0.004194173208210417 0.002361618870189978
57859.1058869018 0.0035646718481838428 0.002295931985941776
57859.155886901804 0.004078546899248161 0.0011827162928864214
57859.20588690181 0.003584464980601947 0.002205430660816605
57859.25588690181 0.004741587450968088 0.0023485922976015216
57859.30588690181 0.0022959064147582537 0.0021359387984457327
57859.355886901816 0.0018772178746703815 0.003139495757344046
57859.95588690185 0.0015610473684244104 0.0014500646285768564
57860.005886901854 0.0013360725391557738 0.0013576659153211716
57860.05588690186 0.0009482150410717267 0.00235469322439459
57860.10588690186 0.0010137806178709963 0.0015273087871470804
57860.15588690186 0.0014977684320157901 0.001106729807418819
57860.205886901866 0.0010438190083187115 0.0012436025910510767
57860.25588690187 0.0014247383237136525 0.0014398055070797798
57860.30588690187 0.0017429682417057564 0.002297121774129555
57860.355886901874 0.001981503876614422 0.0021423675856214303
57860.95588690191 0.0012637445611605634 0.0013363197610591804
57861.00588690191 0.0007915239090741679 0.0015897995502397128
57861.055886901915 0.00024185132870204517 0.0013523107293196802
57861.10588690192 0.0005111682211194161 0.0013812972923772347
57861.15588690192 0.0005814803472739628 0.0015205630756138192
57861.205886901924 0.001700749735140509 0.0010913813791527853
57861.25588690193 0.0017425730665644016 0.0011968994809676314
57861.30588690193 0.0015851704591782572 0.0013139793954140768
57861.35588690193 0.0020308451916886926 0.0014317603017677061
57861.95588690197 0.0022664387208703707 0.0011822583640582489
57862.00588690197 0.0017789411524121747 0.0014607111966772489
57862.05588690197 0.0016553892080576145 0.0011154062304291204
57862.105886901976 0.0018201205175314111 0.001082952183318715
57862.15588690198 0.0012764292875546556 0.0009873495993909505
57862.20588690198 0.0017013757677828648 0.001202069361480401
57862.255886901985 0.0015310954412666767 0.001417185543287118
57862.30588690199 0.0018742475726443754 0.0014852399741044585
57862.35588690199 0.0016363745480323666 0.0015497749338796855
57862.955886902026 -0.0006953348538089968 0.0013821278805659417
57863.00588690203 -0.0005668577151077236 0.0012382580533228213
57863.05588690203 -0.00015513106086204273 0.0015820317691738167
57863.105886902034 0.0009203486388034947 0.0009505155348802511
57863.15588690204 0.0030646984747955573 0.0010328592528805575
57863.20588690204 0.003522241052964952 0.0014427497206810109
57863.25588690204 0.004406119000908208 0.0012722529857290413
57863.305886902046 0.003632505851517411 0.0015074796964151202
57863.35588690205 0.004509763320308443 0.0018691252539943658
57863.955886902084 0.0030358123366739246 0.001218067143076535
57864.00588690209 0.003682141907394044 0.0019608096853743155
57864.05588690209 0.0042695099455590775 0.0016868047665133535
57864.10588690209 0.003857409894183743 0.001407723663608347
57864.155886902096 0.004108413989925177 0.002236885208927903
57864.2058869021 0.0034415422545709374 0.0016551306331363737
57864.2558869021 0.003336340583653357 0.0012800940532275815
57864.305886902104 0.003923995320081382 0.0014461943312859271
57864.35588690211 0.0036688443458930318 0.0018773935814811438
57864.95588690214 0.0030431303965150654 0.0024678497131920244
57865.005886902145 0.0033199942100525424 0.0021784955128427074
57865.05588690215 0.003668787368383268 0.0010366898253593808
57865.10588690215 0.003755428331691541 0.0018594495752627229
57865.155886902154 0.0032825556279363014 0.001538578358399763
57865.20588690216 0.0031197053002200922 0.0024856647713351948
57865.25588690216 0.0028952103585487424 0.002043637966749606
57865.30588690216 0.002236347252913229 0.002151143931965463
57865.355886902165 0.002567674290115074 0.0017713278329004477
57865.9558869022 0.004302697900750929 0.0027937899898954873
57866.0058869022 0.004130850315333848 0.0019829547814818344
57866.055886902206 0.003809921091048506 0.0015271635493157652
57866.10588690221 0.0028290874798307586 0.0014468152507187318
57866.15588690221 0.0029829982037416444 0.002297505624995444
57866.205886902215 0.0030931009600831554 0.002787468653182233
57866.25588690222 0.001622392794505716 0.0029498848648540407
57866.30588690222 0.0019535615505241535 0.0018847391715964635
57866.35588690222 0.0013259053415739953 0.0016720822447000684
57866.95588690226 0.0019825849323559463 0.0010938863519783055
57867.00588690226 0.0021910703494288455 0.0017194097943424409
57867.055886902264 0.002531665109612359 0.0012985601280997528
57867.10588690227 0.002313552178934824 0.001358634382655621
57867.15588690227 0.0026262903302630017 0.0019032094337611653
57867.20588690227 0.0021127294208379463 0.002503348049707199
57867.255886902276 0.0027602441798941914 0.002406440259545916
57867.30588690228 0.002363689068025692 0.001956420293124442
57867.35588690228 0.002307311274316447 0.001948185030011941
57867.95588690232 0.0016379278328870507 0.0013719173095417233
57868.00588690232 0.0016581599052235552 0.0014652387523732353
57868.05588690232 0.0020769198477353056 0.0014496464702963988
57868.105886902325 0.002676637386440342 0.002036740685605344
57868.15588690233 0.0022332683717336452 0.0016675812911642154
57868.20588690233 0.002346400955027185 0.0025967484832083525
57868.255886902334 0.002503009038230208 0.0032537462292068896
57868.30588690234 0.0023103262210360707 0.002715674666410643
57868.35588690234 0.002691299211092763 0.0018215185194581393
57868.955886902375 0.005546423853034218 0.002173570311996833
57869.00588690238 0.006306961390975098 0.002437936001161333
57869.05588690238 0.008240219430781594 0.0028680354046710737
57869.105886902384 0.006590062725118612 0.002331558192753518
57869.15588690239 0.006397377663591303 0.003007024451449645
57869.20588690239 0.006439828186101425 0.0030571987849619784
57869.25588690239 0.008357144839434838 0.003769828352353076
57869.305886902395 0.00800072942306597 0.004310771573959574
57869.3558869024 0.02036060809679438 0.006802221759152859
57869.90588690243 0.003754428586662417 0.0011335558478510462
57869.95588690243 0.004052229938094912 0.0019004450083170503
57870.005886902436 0.003467582979130485 0.0016408745540180533
57870.05588690244 0.003787556202822588 0.0016418432426865278
57870.10588690244 0.004782455084774511 0.00247088742820626
57870.155886902445 0.0032097800467367032 0.0017229499857322537
57870.20588690245 0.002890639049764854 0.0030121156638274575
57870.25588690245 0.003499077029318204 0.0025968399159848944
57870.30588690245 0.003699611704405302 0.0024496960155683443
57870.35588690246 0.004240873512778937 0.00298507560748707
57870.40588690246 0.0076366251585253675 0.0016529622612169676
57870.90588690249 0.0004949771489664911 0.0008224846529316409
57870.95588690249 -0.0007510136844811657 0.001158084480951503
57871.005886902494 -0.00017883142696906393 0.001192175815331216
57871.0558869025 0.0008693480180695776 0.001618178934768744
57871.1058869025 0.0006483392993706904 0.00232655121501842
57871.1558869025 0.001171379913213771 0.0018144169821622882
57871.205886902506 0.000937529022585544 0.0020688426388707545
57871.25588690251 0.0017744960658487385 0.0025587466565191994
57871.30588690251 0.002749212861121691 0.002497067600372719
57871.355886902515 0.002311833723064406 0.0021909284835858684
57871.40588690252 0.001537478245689755 0.0013390884254555046
57871.90588690255 0.0014429526973185763 0.000990564390017241
57871.95588690255 0.0016443059785163703 0.0009133807532997922
57872.00588690255 0.0021555084747617026 0.0016413263341179
57872.055886902555 0.0015353494179740242 0.001264281488630686
57872.10588690256 0.0029104908372315054 0.0022365515797144807
57872.15588690256 0.0026056770240108686 0.0029832148003256422
57872.205886902564 0.002110477792593345 0.0018644593909996304
57872.30588690257 0.006541333116744184 0.004657909904648437
57872.35588690257 0.006316055604623001 0.0036410701013131325
57872.405886902576 0.003097463532635523 0.0031185793024229576
57872.905886902605 0.0019945639257947234 0.0009784571839467912
57872.95588690261 0.0031637785814154253 0.003018121061077863
57873.00588690261 0.001869529181127501 0.0012743600788468381
57873.05588690261 0.0019807010157366373 0.0015636179626014831
57873.10588690262 0.0029971200090562777 0.0019767631178069915
57873.15588690262 0.002965784402909916 0.0019909063994710983
57873.20588690262 0.002948366439334686 0.0016703304912613895
57873.255886902625 0.002984008220275373 0.0017730759643579989
57873.30588690263 0.003470264087573386 0.0018586406487629283
57873.35588690263 0.0027007421246041143 0.001313291423454812
57873.405886902634 0.0016652536505316136 0.0012358376777310857
57873.90588690266 0.003908909224363588 0.0020414117709646523
57873.955886902666 0.003714638839222909 0.001268322949494539
57874.00588690267 0.004206391976580913 0.0013372230213716631
57874.05588690267 0.004090709650968619 0.0021147150530937764
57874.105886902675 0.0050350512796847255 0.0021682645580038775
57874.15588690268 0.004770295248329027 0.0014732547997515204
57874.20588690268 0.0038588700269239218 0.0015130887835850201
57874.25588690268 0.004029161124130153 0.0011174081835573773
57874.305886902686 0.0040203698235399266 0.0012240636546624697
57874.35588690269 0.002171297911816288 0.001594091635063779
57874.40588690269 0.002772308699932607 0.0017392532010504932
57874.90588690272 0.007287774370656549 0.0009385608037388175
57874.955886902724 0.007325832057532256 0.0010956639905942362
57875.00588690273 0.008067413887154729 0.0017249074550732004
57875.05588690273 0.006439312927830297 0.005354243912573715
57875.155886902736 -0.0033322551731146516 0.0066219130888382155
57875.20588690274 0.00405685008052519 0.005720750999909145
57875.25588690274 0.003516989217826745 0.005040613856277561
57875.305886902745 0.006610677417051458 0.0032134430799776186
57875.35588690275 0.007767521893516878 0.0029430966577454506
57875.40588690275 0.006777467445082064 0.0028337551536015784
57875.90588690278 0.0013960892260855345 0.0011011570338569075
