Paper_beta_pic_photometry/Data/binned_BRING.dat
# %ECSV 1.0
# ---
# datatype:
# - {name: time, datatype: float64}
# - {name: flux, datatype: float64}
# - {name: ferr, datatype: float64}
# schema: astropy-2.0
time flux ferr
[from data line 7097]
59466.387161970975 -0.026495904339284494 0.005295631266354506
59466.98716197101 -0.03508118519282433 0.008854437973729801
59467.13716197102 -0.03861839262412867 0.00565026963321643
59467.28716197103 -0.013783392436709577 0.007654787584932537
59467.33716197103 -0.020225665737958476 0.005868567051500668
59467.38716197103 -0.024246938923196678 0.005126422487432479
59467.937161971066 -0.007981962687024405 0.00891868960114879
59467.98716197107 0.008053239343714536 0.009329388971755143
59468.03716197107 0.0012528162031093014 0.004948220197070967
59468.087161971074 -0.002764093599203895 0.004607088790486728
59469.03716197113 -0.0327453566724869 0.003003525329410473
59469.08716197113 -0.03250831285520061 0.004536570135651019
59469.137161971135 -0.038022344625488556 0.0024500553171336753
59470.2871619712 -0.017517717437476484 0.003692963438720319
59470.337161971205 -0.017653636979284237 0.00358974542052404
59470.38716197121 -0.026958518213374815 0.004604218867760535
59471.28716197126 -0.017019388630331603 0.0035626150415047552
59471.33716197126 -0.022183174415061555 0.0051076423548522785
59471.387161971266 -0.02618654718244452 0.004947498017745256
59472.28716197132 -0.02668094481576949 0.005238664876329928
59472.33716197132 -0.014570200637376926 0.0035201142182303457
59472.387161971325 -0.024859545660370255 0.0035720121548831556
59473.33716197138 -0.018246209980284485 0.005138433517211465
59473.38716197138 -0.020026671384180707 0.00507447069313649
59474.287161971435 -0.026707327338904456 0.00766528689606721
59474.38716197144 -0.03384441054736252 0.004616171113093166
59474.88716197147 -0.0008368687987031839 0.004847026990994919
59474.93716197147 -0.009562657203552077 0.008158116860837438
59474.987161971476 -0.025951402879495083 0.0027059671888741495
59475.03716197148 -0.026446380507687165 0.007022438510135464
59475.08716197148 -0.03887503744454654 0.006309407204671912
59475.28716197149 -0.023359923535923772 0.005754012888253073
59475.337161971496 -0.03085418983831179 0.006008523949172053
59475.3871619715 -0.035964196609591215 0.00505829340858258
59475.88716197153 0.0013075086912132995 0.00525872528705213
59475.93716197153 -0.007388930574399354 0.004814613501282082
59475.987161971534 -0.013338084044581495 0.0042899476002508955
59476.03716197154 -0.010566255951594305 0.0066500802005286025
59476.13716197154 -0.022321055320483785 0.004392170661918703
59476.88716197159 0.004538092445537465 0.0029209097131033465
59476.93716197159 -0.009046692905606129 0.008400902190253766
59476.98716197159 -0.01993990269443907 0.004673656241226113
59477.28716197161 -0.024691422827602637 0.003068106555543182
59477.33716197161 -0.028898500178822204 0.003504685365572906
59477.387161971616 -0.03773150569235028 0.0032661681657498364
59477.887161971645 -0.0005894241410541785 0.0055821029045725066
59477.93716197165 -0.016179266234594116 0.0072479527761717495
59477.98716197165 -0.024955555354108865 0.00641727904361353
59478.03716197165 -0.026852841872159125 0.005201863158642972
59478.28716197167 -0.025806694784592254 0.0032519264502217193
59478.33716197167 -0.031311313691375034 0.0036161118587101243
59478.387161971674 -0.03714474133612703 0.0023164935856793832
59478.8871619717 -0.004627923853367045 0.003817587082191052
59478.937161971706 -0.013233217237009005 0.005185412115355217
59478.98716197171 -0.01565000377802937 0.002096430196709334
59479.03716197171 -0.01985453900212251 0.005188156631017566
59479.087161971715 -0.02699636506536855 0.004741103574351199
59479.13716197172 -0.026683426275090377 0.002342302175614613
59479.287161971726 -0.022837921148031397 0.005430235003876255
59479.33716197173 -0.029306605889994345 0.0031359188641623265
59479.38716197173 -0.03306318240561342 0.003151502825720265
59479.98716197177 -0.0004301448372755308 0.006163337260715494
59480.03716197177 0.00011515944027500653 0.004583226634880795
59480.08716197177 -0.006976756813950064 0.004715875488117087
59480.137161971776 -0.013825347364465768 0.002794848824612781
59480.287161971784 -0.025336679331688008 0.0027266621373868245
59480.33716197179 -0.029886489010439662 0.00262047209155415
59480.38716197179 -0.032689920691981525 0.0042139463415773026
59480.93716197182 -0.012332464892897022 0.005164865007173782
59480.987161971825 -0.01066731272868025 0.006441627813522228
59481.03716197183 -0.016820762856751704 0.005865234137314515
59481.08716197183 -0.02649340158854498 0.004845564025678673
59481.137161971834 -0.02723866180126075 0.001809361847906279
59481.23716197184 -0.021010921416789112 0.002902384649073228
59481.28716197184 -0.02420511860445004 0.003143203452657947
59481.337161971845 -0.032582396229184955 0.006822581722912827
59481.38716197185 -0.03712719946500802 0.005398302913249869
59482.2871619719 -0.02733223679248979 0.0033847008550649195
59482.337161971904 -0.034907207748980824 0.006040593936162087
59482.38716197191 -0.0369834378598434 0.005534149619692598
59482.887161971936 -0.025563589648833197 0.006551420055492276
59482.93716197194 -0.03267025979360354 0.0055612188317636455
59482.98716197194 -0.01804609340261592 0.006319882788866152
59483.037161971944 -0.018018448186226905 0.003623955470314921
59483.08716197195 -0.028427370766903326 0.004088638084832846
59483.237161971956 -0.022685309103624672 0.0058061129478491555
59483.28716197196 -0.028338213522495166 0.0028487234446026286
59483.33716197196 -0.03591486639823869 0.005605318502913302
59483.387161971965 -0.03725528383172687 0.004300554560506329
59483.887161971994 -0.015783491616147456 0.005691926248084064
59483.937161972 -0.027279935356728426 0.004940016879748987
59483.987161972 -0.02114279315060506 0.004204767793362268
59484.037161972 -0.023688116491869728 0.003667553271635652
59484.087161972006 -0.031007835802781006 0.0026421737906932655
59484.237161972014 -0.024360588922569617 0.007965403689358832
59484.28716197202 -0.0299010135692679 0.002567292184750561
59484.33716197202 -0.03605501307834341 0.004790083591434628
59484.38716197202 -0.03728952552891303 0.0044340983676497215
59485.38716197208 -0.03584056314293774 0.001895007900426542
59485.987161972116 -0.03420980975520711 0.0020530388247093087
59486.23716197213 -0.02159945888799945 0.005594056871768584
59486.28716197213 -0.03432263010483721 0.0035816607155325876
59486.33716197214 -0.03954403533811591 0.00649638498735366
59488.387161972256 -0.03810605679598303 0.004370880739126655
59488.887161972285 -0.021025616306186292 0.0034626513047168743
59489.237161972305 -0.010595307335532024 0.008351139294524966
59489.28716197231 -0.010483970369732663 0.00784211615098022
59489.33716197231 -0.01980755562939121 0.009985442104743576
59489.387161972314 -0.02529081902850716 0.004005307945812304
59489.83716197234 -0.025568665278541885 0.0049611210376944975
59490.03716197235 -0.034921151386923775 0.004202799367740756
59490.087161972355 -0.03570736412588401 0.006920343827944657
59490.23716197236 -0.012582896371470618 0.005124322991165539
59490.28716197237 -0.009295425420902644 0.00516072737747377
59490.33716197237 -0.019354854789755863 0.007288957981480721
59490.38716197237 -0.023505648189098796 0.00314205660517303
59490.98716197241 -0.013672954672525736 0.003378391191095277
59491.03716197241 -0.01566780876722107 0.006553929112244225
59491.23716197242 -0.013406948041831837 0.004487470673446056
59491.287161972425 -0.014031554283584467 0.007799320098869223
59491.33716197243 -0.02085543489305772 0.006451011027177226
59491.38716197243 -0.023915424887469856 0.0004870517315432402
59491.88716197246 -0.022697196219130286 0.005387185741897323
59491.93716197246 -0.018860331010919478 0.005028739007604175
59491.987161972465 -0.014721920132710202 0.004931144464776008
59493.23716197254 -0.016624051947374655 0.0072972770945706235
59493.28716197254 -0.013323722653033948 0.0064559292440560375
59493.337161972544 -0.02248700117680852 0.007081691169733874
59493.38716197255 -0.0253311837532115 0.0020239070068594997
59495.937161972695 -0.009065248176538832 0.0035967955482253872
59495.9871619727 -0.00913363681418212 0.0043780933470051
59496.88716197275 -0.01888539051931437 0.009340782679827384
59497.23716197277 -0.01980549780015864 0.005765011915695956
59497.33716197278 -0.024879912072507844 0.00465213058202681
59500.18716197294 -0.02494095718381642 0.006583663426413919
59500.237161972946 -0.01444024596704531 0.008426366812981681
59500.28716197295 -0.016242170478036607 0.008432071727126745
59500.33716197295 -0.02259700224376771 0.003911556722654131
59501.237161973004 -0.015606996484422448 0.009548619800446929
59501.33716197301 -0.024100278805897372 0.005279666401749497
59501.83716197304 -0.024004537358049517 0.008157444381383295
59502.18716197306 -0.0053786809341805075 0.002652922490422544
59502.33716197307 -0.02158706709180025 0.004604434833868327
59503.18716197312 -0.009215275786062418 0.007449954021656648
59503.28716197312 -0.02671169497018938 0.0046773205392050005
59503.337161973126 -0.020711251398436784 0.004410565210000819
59503.837161973155 -0.008004767155705935 0.004023587555129319
59504.187161973176 -0.01944440798764645 0.004279586361503783
59504.23716197318 -0.01728010206275993 0.006453469543376271
59504.28716197318 -0.019940210848090088 0.008835394281982151
59504.337161973184 -0.020795296811462638 0.004178239506850456
59505.187161973234 -0.016186749754892885 0.0026202907042947444
59505.23716197324 -0.016758225625029564 0.0053417227766376155
59505.28716197324 -0.01855428630101045 0.008377331219754055
59505.33716197324 -0.022682356067602646 0.002448418984566763
59505.83716197327 -0.006540487368646788 0.008406465981924304
59505.887161973274 -0.007912806945382255 0.008721476793685685
59505.93716197328 -0.01055052195483305 0.00613436042726413
59505.98716197328 -0.0008177619062337015 0.003877310470618577
59506.03716197328 -0.010787763842432916 0.0036110786929893623
59506.087161973286 -0.004854308588253874 0.00366492055136867
59506.237161973295 -0.018125977755019528 0.003108305810814215
59506.2871619733 -0.016589878960024937 0.008824628064352706
59506.3371619733 -0.02336158139972656 0.0028717963513088334
59506.88716197333 -0.006005344818842673 0.0051979018326032975
59506.937161973336 0.0005473607581295004 0.005782514697464557
59506.98716197334 0.007447065331768182 0.001998699040780961
59507.03716197334 0.002137576598601238 0.004239488535319197
59507.087161973344 -0.005034012903484398 0.004045468709977421
59507.23716197335 -0.01984309771549546 0.006204501746939852
59507.287161973356 -0.019232427366113865 0.005103047818710288
59507.33716197336 -0.01990756770232213 0.0033783528675142777
59508.23716197341 -0.014801769309539038 0.006094167840843005
59508.287161973414 -0.01613184186998779 0.00542896313415601
59508.33716197342 -0.02008625943324547 0.0026842303213568276
59509.23716197347 -0.010874283494191589 0.0058156458969863024
59509.28716197347 -0.014281142203395991 0.003548677811580374
59509.337161973475 -0.01918758865225809 0.002826280698924265
59510.187161973525 -0.016424542947449716 0.004938615601956986
59510.23716197353 -0.013650304934067294 0.005008600011520213
59510.28716197353 -0.014179932303842164 0.0034301449315160917
59510.33716197353 -0.015749250175444117 0.0037259058697978195
59510.78716197356 -0.006610442828760796 0.009970736982332118
59511.18716197358 -0.02392793360013886 0.003870594012147275
59511.237161973586 -0.0173889717683694 0.0027499861931244464
59511.28716197359 -0.018016194246131257 0.006347631241739918
59511.33716197359 -0.022337027280122553 0.003670575782448451
59512.18716197364 -0.018366943594465522 0.007072235346326139
59512.237161973644 -0.015556018968273133 0.0053594542343039005
59512.28716197365 -0.02145188098315647 0.007045175878060564
59512.33716197365 -0.025078879568672625 0.003911167718804241
59512.787161973676 -0.004024060715542103 0.006601489904458557
59512.83716197368 -0.0027624220010906936 0.005866999518913002
59513.1871619737 -0.02113984504999576 0.006926399206338707
59513.2371619737 -0.019451950482501975 0.0041569854188547375
59513.287161973705 -0.022479747397359005 0.003720975621671774
59513.33716197371 -0.0227985369070407 0.0014670203370522013
59513.83716197374 -0.009314698043917167 0.004886923805332259
59513.88716197374 0.001215144976952358 0.007045275377118808
59513.93716197374 0.007738149997438659 0.004126723537003291
59514.137161973755 -0.008923303092613844 0.009734073042182977
59514.18716197376 -0.01567023433197621 0.00586846659057567
59514.23716197376 -0.01573317811558251 0.006118185103237833
59514.28716197376 -0.02152263486563599 0.0031568253661952705
59514.337161973766 -0.02257817050311882 0.0026899074832785266
59515.23716197382 -0.015393550929683985 0.0029315158451687856
59515.28716197382 -0.026704786006282732 0.009075022608439263
59515.337161973825 -0.025453310202761602 0.005670956311081928
59516.78716197391 -0.014102440767578474 0.005283755247586622
59516.83716197391 -0.012880571955341103 0.006395882691179261
59517.18716197393 -0.01645941934656784 0.005899460249384777
59517.33716197394 -0.026206044444072398 0.0045794930996730515
59517.78716197397 -0.018310966712317533 0.005331962273224949
59517.83716197397 -0.008149310789089214 0.00459155987233052
59517.88716197397 -0.0030481933888799606 0.004651578262272079
59517.937161973976 0.004957448406913899 0.003918738998493069
59517.98716197398 -0.0016643432828589923 0.003928129785003057
59518.03716197398 -0.009071118684314332 0.002675218325289853
59518.087161973985 -0.008116220470358412 0.0024411368621993865
59518.18716197399 -0.02149251572035562 0.006091233722761065
59518.23716197399 -0.019184948074581768 0.0057639687694976734
59518.287161973996 -0.025283863241977036 0.004436521511162213
59518.337161974 -0.02745887165270365 0.0021441016292197998
59518.937161974034 -0.004165242772775768 0.007206330387686369
59519.137161974046 -0.019600414353819078 0.006703361202091616
59519.18716197405 -0.02265012282906126 0.004287623023214085
59519.23716197405 -0.01862980398067562 0.00558458097928304
59519.287161974054 -0.0242857692248027 0.0028977130507291445
59519.33716197406 -0.0258899380583595 0.005413194306350019
59520.18716197411 -0.01240296944255087 0.0013856524026702693
59520.23716197411 -0.009768048590963915 0.003313759087380399
59520.28716197411 -0.009398949608318304 0.0036597196211480966
59520.337161974116 -0.01569674985207421 0.004620290745143725
59520.78716197414 -0.021691107851676127 0.004466381635131207
59520.837161974145 -0.017660148132312006 0.006617406337202599
59520.88716197415 -0.016497314409123866 0.003424640979568847
59520.93716197415 -0.015319773407918498 0.0042612407214913574
59520.98716197415 -0.018272934133117924 0.005738547054709714
59521.037161974156 -0.007212599928410303 0.005321094076402636
59521.08716197416 -0.010416480318346395 0.0035887619229064737
59521.13716197416 -0.010209708625937801 0.0037391453944622902
59521.187161974165 -0.01217914551323157 0.002390704183430588
59521.23716197417 -0.008406968186685885 0.003882698175681142
59521.28716197417 -0.009035269434877702 0.004084142065229252
59521.337161974174 -0.015038291632052836 0.003109928042175424
59521.7871619742 -0.026905362257001277 0.0031022888958498027
59521.8371619742 -0.014158464394740444 0.005133047110571639
59521.887161974206 -0.010837916093723874 0.00597780489168393
59521.93716197421 -0.008007263735070396 0.004680869844452983
59521.98716197421 -0.01161354922525771 0.0021449247559204125
59522.037161974215 -0.0035742074867582724 0.003990653716622001
59522.08716197422 -0.009524099596679816 0.00193597533570856
59522.18716197422 -0.013215408294642305 0.004213084994940126
59522.237161974226 -0.00949681461462887 0.0051110332799965555
59522.28716197423 -0.011277938041035572 0.004036618975597873
59522.33716197423 -0.016348231933213164 0.004052626708777026
59522.93716197427 0.0030783571492636027 0.004195602776408143
59523.03716197427 -0.0021475684900250647 0.0025278041183054434
59523.78716197432 -0.021768774112958012 0.0056570876263366135
59523.83716197432 -0.010239365728995446 0.006282478137054211
59523.88716197432 -0.007053633782156532 0.005656279930473265
