Paper_beta_pic_photometry/Data/binned_BRITE.dat
# %ECSV 1.0
# ---
# datatype:
# - {name: time, datatype: float64}
# - {name: flux, datatype: float64}
# - {name: ferr, datatype: float64}
# schema: astropy-2.0
time flux ferr
[from data line 1301]
57744.163834038416 -0.0009190242411698423 0.004449782052804931
57744.21383403842 -0.0003532742549502051 0.005574154955961555
57744.26383403842 0.0019860037311104444 0.004464185941066342
57744.36383403843 2.5322871406083555e-05 0.006161232224675841
57744.41383403843 -0.0015939577682433869 0.002424239578944577
57744.46383403843 -0.0010303355714698587 0.002506392193203439
57744.51383403844 -0.0029119662290613504 0.004772555404432575
57744.56383403844 0.0019326228933832141 0.005804570308428778
57744.61383403844 -0.0012336224798748542 0.005454173766258458
57744.71383403845 -0.00038170793707437573 0.00476211225565561
57744.76383403845 -0.002569113327717394 0.005631797531456981
57745.163834038474 0.0026447750254003496 0.00489158289612197
57745.21383403848 -0.0011333184252826209 0.0071149849379490955
57745.26383403848 0.0004367960815122338 0.004430072344114127
57745.31383403848 -0.0010385509503556092 0.00655401751326639
57745.363834038486 -0.0038977281891724004 0.005523159789722592
57745.46383403849 0.0023810120393857677 0.005049106099037282
57745.513834038495 -0.0008662118211351258 0.00476596962797246
57745.713834038506 0.0012253701777320259 0.004772831885568914
57745.76383403851 0.00024484210844443746 0.004418504419472804
57745.81383403851 -0.0007982725620836239 0.004402092472352412
57745.863834038515 -0.0008117266019211783 0.0030792217688021713
57745.91383403852 0.0008363362521316662 0.003990063968082043
57745.96383403852 -0.001832749033979919 0.006914636826099788
57746.013834038524 0.0003085867555086523 0.0035073989555839125
57746.06383403853 -0.0001261466758915447 0.004370740083004134
57746.11383403853 -0.0003442261328791948 0.003092879242576214
57746.213834038535 -0.0012102229015951193 0.004778119905700911
57746.26383403854 0.0028998742702421422 0.004160808279638718
57746.31383403854 0.00029915338738011776 0.0052999090610965196
57746.41383403855 0.0024603415822603233 0.003250294821585971
57746.51383403855 0.0014689223714908245 0.005870291203105179
57746.61383403856 0.0021091219684875825 0.003341878045027739
57746.66383403856 0.0006451341638863406 0.0067155487811703975
57746.76383403857 0.00015228002532282424 0.005140538093818788
57746.81383403857 0.0007053888631975352 0.002885671860621615
57746.86383403857 0.0019297716164264243 0.00472509710077691
57746.96383403858 -0.0016391926527265935 0.0032152986210535603
57747.01383403858 0.0008651586581268198 0.0034503427993999958
57747.063834038585 -0.0004950365168727433 0.004468263458599186
57747.16383403859 0.0005894460669442649 0.004297426897327082
57747.21383403859 -0.0018545277885538987 0.003801969564831511
57747.2638340386 -0.0021610473109927955 0.0069875480471415785
57747.3138340386 0.0036492079728229396 0.003300405174492502
57747.3638340386 -0.0016128597475134753 0.005665810749157858
57747.413834038605 -0.003192507774686617 0.004299226698559764
57747.51383403861 0.000771628198635217 0.00403018094622077
57748.16383403865 -0.003433491051676113 0.006381022519240559
57748.263834038655 0.0020616247326490115 0.004918788062966874
57748.31383403866 -0.0004736323120433761 0.0031777767802515676
57748.36383403866 0.00039420676293141935 0.0035591670693034343
57748.46383403867 -0.0015983747352920268 0.0032045592736241434
57748.56383403867 0.0028236148186323536 0.004660307145400265
57748.66383403868 0.0016894956846244629 0.005543222513127349
57748.71383403868 -0.000904866991722412 0.003768481992601574
57748.763834038684 -0.00011069885474707108 0.005319458582822437
57748.81383403869 -0.0008590207491530863 0.004170402781757247
57748.86383403869 0.0018175380572860167 0.003991523164924328
57748.91383403869 0.0007358900902777755 0.004062910883937714
57749.0138340387 0.0009170119735900589 0.004576506863292115
57749.0638340387 -0.0012458906057400095 0.004746509302342734
57749.113834038704 0.00025590342928714 0.0032114430745109374
57749.21383403871 -0.0007060409314408878 0.005537115984160635
57749.26383403871 0.0014957943659305386 0.004710189616213966
57749.313834038716 -0.001398102580341253 0.0038804590712163047
57749.41383403872 -0.0028370855536578032 0.003298818253481839
57749.463834038725 0.0015961798604537947 0.0023951310120823486
57749.51383403873 0.0007463288594750877 0.0058938237091206
57749.61383403873 -0.001096941177544398 0.0030425684330332896
57749.663834038736 -0.0021406885657791674 0.0025333060393009014
57749.71383403874 -0.0003162418587047827 0.0029840717786614743
57749.76383403874 0.00047338680404965803 0.002913430154484183
57749.813834038745 0.0021320533503915505 0.00465778353001532
57749.86383403875 -0.0034556063591178565 0.00450877492476946
57749.963834038754 -0.0008611321040534647 0.005932029372573056
57750.01383403876 0.00017934642957608191 0.00490533793483552
57750.06383403876 0.0019824426627538198 0.004399559189302956
57750.163834038765 0.0027754586405400335 0.003274608750099251
57750.21383403877 -0.001134285074271264 0.004373939132779609
57750.26383403877 0.0011432961689914617 0.004063181030604707
57750.313834038774 0.0033768321909206644 0.003898487807286816
57750.36383403878 -0.0004056813612089255 0.003204668712814503
57750.41383403878 0.0011136539600548612 0.0030152980971970664
57750.56383403879 0.00038817800308097686 0.004726820899867028
57750.61383403879 0.0008536915036650151 0.00415347671493504
57750.7138340388 0.0012780068640302702 0.004862593411569401
57750.7638340388 0.00036865438920459563 0.0033049598703382773
57750.8138340388 -0.003572920289764242 0.003900676530958704
57750.91383403881 -0.0010856774605441219 0.004441174087004207
57750.96383403881 0.0011861392745881173 0.0032241346363649235
57751.16383403882 0.0005438568295968893 0.004699284334200078
57751.26383403883 0.0011106774430240385 0.0027755079495137853
57751.31383403883 0.0005349194834381968 0.0042213917444697616
57751.363834038835 -0.002835061869188118 0.00487915965350174
57751.46383403884 -0.0015537728992819483 0.0030675448049169393
57751.513834038844 -0.0004902510907261023 0.004301198887140672
57751.56383403885 0.001454162894521584 0.003167458301547866
57751.66383403885 -0.0016566330266815745 0.00409556088323694
57751.713834038856 -0.0017401688813334518 0.002955002929116084
57751.76383403886 0.001914651202564911 0.006089302381447888
57751.81383403886 0.0027760471218816565 0.004701145080807293
57751.863834038864 -0.0010751259548560535 0.003808396592419502
57751.91383403887 0.0007704780737223907 0.0031555851331017755
57752.01383403887 -0.0009642476913603336 0.004541076395971898
57752.063834038876 -0.00019773330417789206 0.006349103928233623
57752.11383403888 0.0009623921158781421 0.0038580094433655395
57752.213834038885 -0.0015947554688838105 0.004992108427004629
57752.26383403889 -0.001260350521217181 0.003571056540018367
57752.31383403889 -9.647018379763426e-05 0.004817935684824098
57752.413834038896 0.0024828049374903166 0.004246346499486838
57752.4638340389 -6.429062199111894e-05 0.004160595540148951
57752.5138340389 -0.0010519506307134288 0.006947519248224919
57752.563834038905 0.0035416947192862098 0.005026750260629563
57752.61383403891 -0.00014857194280738586 0.003141509132104805
57752.66383403891 0.0021638246513772767 0.003728241898247089
57752.76383403892 0.0009618671426867491 0.005074338398307441
57752.81383403892 -0.0009565808993283297 0.004137963424029407
57752.86383403892 0.0010538717946113301 0.005887633120427212
57752.96383403893 -0.0003637118099087067 0.0033430444155723273
57753.01383403893 0.0026138369161667367 0.0022417090585578987
57753.063834038934 -0.0007724180699093934 0.004075611910571386
57753.16383403894 -0.00025710095094660473 0.004633421761442807
57753.21383403894 0.0007055130753867947 0.003813197975585617
57753.263834038946 -0.0005192860099529906 0.003120356253181299
57753.31383403895 -0.0007075652727550927 0.0068998870961602555
57753.36383403895 -0.000502307233117884 0.004535843243592535
57753.413834038955 0.001809608524872505 0.005030735278839135
57753.51383403896 0.0006326011177085221 0.004155418658401316
57753.56383403896 0.0006510266661991282 0.0036965725504750986
57753.613834038966 0.002080044726066545 0.004757587873807591
57753.71383403897 -0.0017483725130583345 0.005081783124945464
57753.763834038975 -0.0011007320897080453 0.0037963828956959836
57753.81383403898 0.0004878888597687748 0.0032837128378589956
57753.91383403898 -0.0020255633597349005 0.004323224257229581
57753.96383403899 -0.0023858083958911386 0.006526546373898594
57754.06383403899 -0.0013009414611032776 0.0037005430571733604
57754.113834038995 0.0013347946112298524 0.003948303734484208
57754.163834039 -0.0001291935574870743 0.002751715574695068
57754.56383403902 0.0017017554084972075 0.004290531988432284
57754.66383403903 -0.0013590917100194666 0.0038130197266864627
57754.71383403903 0.001340601863847718 0.0038226373788400837
57754.76383403903 0.0019651881389239206 0.00386688407246492
57754.813834039036 -0.000773365668256862 0.003586337785021624
57754.86383403904 5.032433753415777e-05 0.003937470964230217
57754.91383403904 -0.00014421029572296316 0.002969617172493967
57755.01383403905 1.7850563274515176e-05 0.004157371165891556
57755.06383403905 -0.0006846074183519457 0.004116965685259964
57755.11383403905 -0.0012982751887898741 0.004303328731698567
57755.21383403906 0.002677942591975664 0.0049021272836266
57755.26383403906 0.0035123616370780603 0.00499766179198603
57755.313834039065 0.0014075308755256745 0.005078957233230056
57755.36383403907 -0.0005936236873480327 0.002941378460719014
57755.463834039074 -0.00031741567955887687 0.004545218205383719
57755.51383403908 0.0028722940913752824 0.00465394222649382
57755.56383403908 0.0008986896742167599 0.005373049765320269
57755.61383403908 0.0023482277970122206 0.003966360400689255
57755.663834039085 0.0009120270828260716 0.003956654336392216
57755.76383403909 -0.002388895163428499 0.005703510237578211
57755.813834039094 0.0029003037351577462 0.004777512356480715
57755.8638340391 0.001065042409725139 0.004088303288420293
57755.9638340391 -0.000656259642628938 0.004859933273110692
57756.013834039106 0.0005571129653994665 0.0032038999080663674
57756.06383403911 0.001347293984143505 0.0034409092773089443
57756.11383403911 0.00017322106798994024 0.00278058562242061
57756.163834039115 0.0005910179916644234 0.00332667768058057
57756.21383403912 -0.0019081974713212925 0.004579503385715722
57756.31383403912 -0.0022224385959890647 0.004411061238125665
57756.363834039126 0.0002724456375089484 0.003976770765175195
57756.41383403913 0.0027220242346989443 0.004633229653874374
57756.56383403914 -0.0017451476149876188 0.0031967457799841016
57756.61383403914 -0.0005201143882965854 0.004746568504455103
57756.71383403915 0.003351840541545405 0.0043267246070517055
57756.76383403915 -0.0016956876541623146 0.004791720162981052
57756.81383403915 0.0005195099113858227 0.003428901253654876
57756.863834039155 -0.0008200493685092125 0.003321883706259491
57756.91383403916 -0.0011498840702140942 0.0034729933546123605
57756.96383403916 0.00010783452468808852 0.004812888601593119
57757.06383403917 0.0012969283971875217 0.0027181563156637475
57757.11383403917 -0.0008958200280317352 0.006524666249728461
57757.26383403918 0.0006130277189261248 0.0052394887799840206
57757.31383403918 0.000307933998284119 0.004362751041428504
57757.363834039184 -0.0010885638182052682 0.0024924216672937414
57757.46383403919 -0.0010185006191004225 0.002786141822737665
57757.6638340392 0.0006492938038044647 0.004695472013385909
57757.713834039205 0.00020026700583196245 0.004203192291333705
57757.81383403921 0.0011724020945243017 0.003898599619678529
57757.86383403921 0.0004395697893152758 0.004760824728458723
57757.91383403922 0.0018380462611233253 0.0031374123835146363
57758.01383403922 -0.0023745276100859414 0.0021773711940829784
57758.063834039225 -0.0005493328553575344 0.0040372501717290885
57758.11383403923 0.0004645926002065397 0.004481295119835195
57758.213834039234 -0.001594105059146635 0.003468102416542696
57758.26383403924 -0.0007558382877788137 0.005645467044619992
57758.31383403924 -0.002045486974156083 0.00358998312952736
57758.36383403924 -0.0012792998858285887 0.004595877339979385
57758.61383403926 -0.0019171610573843756 0.003100247632683351
57758.66383403926 0.003491517534487302 0.004998365711119154
57758.763834039266 0.0011026595794819405 0.002881500092267248
57758.81383403927 -0.0007641372802406678 0.0032345713578475527
57758.86383403927 0.0010738736773036892 0.005710295507688941
57758.96383403928 -0.0007895412745024321 0.004183045091392309
57759.01383403928 0.0008075360823670275 0.003821803787479654
57759.113834039286 0.0002627481636451561 0.0019314403238339867
57759.16383403929 0.0009185786900854437 0.004856101625706448
57759.21383403929 -0.0004971697633580715 0.00545318116903343
57759.3138340393 0.0030777494518936474 0.002886892356298513
57759.3638340393 -0.0027857076330620807 0.005602150772712272
57759.413834039304 -0.0021103795372903723 0.0038675678813809176
57759.51383403931 0.001983761429329223 0.004319109735310862
57759.56383403931 0.002955363616146429 0.0046436603313239535
57759.613834039315 -0.0008078941604119905 0.002672818165961913
57759.71383403932 0.00016064772573793167 0.004516872547212271
57759.763834039324 0.0006724343312909017 0.0051373050299119115
57759.81383403933 0.000458266246077341 0.002262218989013319
57759.86383403933 9.117405059704265e-05 0.0029549155435972135
57759.91383403933 0.0008460137501006493 0.0048345535563155745
57759.963834039336 -0.0004977692735190405 0.003994936181291012
57760.06383403934 0.0006811277076609652 0.00374911231778803
57760.113834039345 -0.001014488649687292 0.004027193137159464
57760.16383403935 -0.0008648069838186132 0.004046394947890755
57760.21383403935 -0.0032376731877134246 0.004839040168606262
57760.26383403935 -0.0009858871351877685 0.005923763668342743
57760.313834039356 0.0002630732511400346 0.005399967499932852
57760.36383403936 -0.00022813296147806676 0.004278723560798955
57760.41383403936 0.001439023678489335 0.004003073302624428
57760.463834039365 -0.001147513693039328 0.005148523108469992
57760.51383403937 -0.00012035005729279143 0.004315347599146655
57760.56383403937 -0.0009658251906342927 0.005339629051218357
57760.61383403937 -0.0018659784115634024 0.004295941238524678
57760.66383403938 0.0009261952920325103 0.004637335692957855
57760.71383403938 0.0033840558663616005 0.005389656294952928
57760.76383403938 0.0024009213011601696 0.004819211087730907
57760.813834039385 -0.000983127491909311 0.0037409630773975132
57760.86383403939 -0.0012142566616040848 0.005129568630436198
57760.91383403939 0.0014633669366176457 0.003718217787064662
57761.0138340394 0.0015592329375411925 0.003940487971113223
57761.0638340394 -0.0013445429515017077 0.004509712778878856
57761.1138340394 0.0002613741055101926 0.0039524814338444585
57761.163834039406 -0.00021812551032858915 0.0036661109586271987
57761.21383403941 -0.00112647875707609 0.0030914647670622175
57761.26383403941 -0.0005536154870667153 0.005504381405283754
57761.313834039414 0.0015881013088898804 0.006026679113292263
57761.36383403942 0.0004859288051243206 0.004804912868952755
57761.41383403942 0.00024613464844436473 0.005313851198293593
57761.46383403942 -0.0013848104968922838 0.004145034868560819
57761.513834039426 0.00021159098521412317 0.003285901575358079
57761.56383403943 0.00027758664310458 0.004378311501418772
57761.61383403943 -0.0002675738018778209 0.004626154673727028
57761.663834039435 -0.0023647061330398828 0.003380322850282331
57761.71383403944 0.0009794316530541785 0.004520415154205326
57761.76383403944 0.0007755710449760626 0.004190162911906449
57761.81383403944 0.0010051425155278557 0.005277346040232375
57761.86383403945 0.002067678455670792 0.0043366995986265635
57761.91383403945 -0.002356228342313237 0.004888008180863736
57761.96383403945 -0.0015674086979840475 0.003461910272055244
57762.013834039455 0.00033394502540099456 0.004536752215652431
57762.11383403946 0.0019985419565614502 0.0032816963590634536
57762.163834039464 -2.360493112893436e-05 0.003983056133514682
